time obj
0.0011803599918494001 0.5
0.2926636869815411 0.42648495269851344
8.996723859992926 0.013838829788564074
41.192845249992388 0.0052415533149391211
49.077431086996512 0.0050372528401360526
56.130541962986172 0.0050088600485860366
62.982627358993341 0.0048426904073465673
69.629776278001373 0.004838806850546086
76.3794462030055 0.0048376262232709341
83.131268928998907 0.004837427036955385
89.855985982001584 0.0048371722399184356
96.369832960001077 0.004837004554435107
102.878500427978 0.004836995764026031
109.38857942594041 0.0048369804084288856
115.97001646494755 0.0048369840950935649
122.47823169193725 0.0048369773874170014
129.18204010592308 0.004836977304690084
135.69012406691763 0.004836977187202848
142.19261997890862 0.0048369771864147501
148.6887375849401 0.0048369771519012963
155.33069669194811 0.0048369771394940059
162.16014142993663 0.0048369771385173895
168.73898512893356 0.0048369771384177895
175.28044096996018 0.0048369771381834171
181.8607941829614 0.0048369771381422079
188.35667620197637 0.0048369771380780639
195.08420503397792 0.0048369771380694032
201.59307180596807 0.0048369771380650552
208.09685749899654 0.0048369771380656823
214.5962756139852 0.0048369771380633083
221.1779449179885 0.004836977138064232
227.99601650898694 0.0048369771380628616
