time obj
1.8483750570012489 0.0068526356307143472
3.9072094509974704 0.0066111749197926752
5.9476724549967912 0.0064257404734196335
7.9203243299998576 0.0052926756141281842
9.8501587639984791 0.005712058980447127
11.720819959999062 0.0052325447910364364
13.535067037999397 0.0050070931311184926
15.309554835002928 0.005102100680324185
17.108066857006634 0.0055068359319695491
18.894068916008109 0.0049229516511203495
20.605965893009852 0.0050060892501038673
22.318679726005939 0.0048962655050205249
24.019350689006387 0.0053898855457564596
25.718332223012112 0.0050300745211237681
27.485257435015228 0.0049210486341347958
29.726186818013957 0.0048746784940824914
31.645976319014153 0.0049723271552874603
33.736677013010194 0.0048501156281406223
36.076370045011572 0.0048635952070167623
38.022964969015447 0.0048433511265489667
39.910843678015226 0.0048472889593642599
41.861133343016263 0.0048453167493696988
43.623790830009966 0.0048553803165942017
45.474688194008195 0.0048401732531921302
47.300224485006765 0.0048399982805075294
49.037058433008497 0.0048388748355694634
50.789231653012394 0.0048413717060875093
52.641166832014278 0.0048432713596949116
54.322758940012136 0.004837763229453145
56.007387027013465 0.0048493178814456367
57.801543917012168 0.0048399140014673565
59.56204685101693 0.0048379944952496893
61.354643981016125 0.0048394929192934061
63.025787378013774 0.004837150314148532
64.729706469013763 0.0048370926657657848
66.430984939011978 0.0048376634581391124
68.177933754013793 0.004837270776302402
69.964965416016639 0.0048379539619287882
71.628440519016294 0.0048370637008208674
73.333263192012964 0.0048371936815769798
75.015624102015863 0.0048370234263760614
76.724618734020623 0.0048370169179614434
78.440962043016043 0.0048370148631734474
80.106632929011539 0.0048372301615499883
81.739701990009053 0.0048370009338873183
83.399415772008069 0.0048369961510784862
85.064949558007356 0.0048374104652055992
86.732394242004375 0.0048370219645281964
88.500363364008081 0.0048370020974486221
90.188049460004549 0.004837153063661428
91.898261354006536 0.0048369825991587566
93.525516644011077 0.0048369907363102855
95.228462983010104 0.0048369822530504912
96.88884816900827 0.0048369837026259448
98.596181735010759 0.0048369805897300923
100.21488277701428 0.0048369814830767962
102.13180684600957 0.0048369816726954477
103.8042596780142 0.0048369823347200504
105.50923466701352 0.0048369795485187911
107.14434227101447 0.0048369851439380804
108.72184666401881 0.0048369867265366743
110.35431368301943 0.0048369837403277058
111.98239896201994 0.0048369795378256494
113.57757950702216 0.0048369804986958913
115.21670963002543 0.0048369781011652719
116.84979522402136 0.0048369842064722958
118.49499848302366 0.0048369773694364676
120.11184101802064 0.0048369774971053006
121.77435240002524 0.0048369773279456759
123.40919673602184 0.0048369791875420703
125.01326575702114 0.0048369779083487652
126.63595439401979 0.004836977218756121
128.25336404901464 0.004836977189429951
129.87091828401753 0.0048369771787667498
131.50100395402114 0.0048369772185952306
133.12833865002176 0.0048369771786474537
134.7482846870189 0.0048369771691756441
136.34202683601325 0.0048369772157976446
137.96735038301267 0.0048369771611691745
139.60332147901499 0.0048369771508047967
141.23356771601539 0.0048369771648332626
142.86573712401878 0.0048369771687304655
144.49585310101975 0.0048369771705303443
146.09710165601427 0.0048369771641753176
147.71957865301374 0.0048369771453539868
149.31095767801162 0.0048369771446135062
150.91617240201595 0.0048369772547199709
152.50723955201101 0.0048369771398357395
154.12569570300548 0.0048369771430196206
155.73838967000484 0.004836977149587412
157.31785528900218 0.0048369771573587078
159.32411732900073 0.0048369771414681862
162.64756563599803 0.0048369771401261105
164.95016834099806 0.0048369771408404184
167.29994946299848 0.0048369771389219513
169.52373228500073 0.0048369771396923602
172.25490378100221 0.004836977140243265
174.93426373600232 0.004836977138472991
177.74899215500773 0.0048369771399632651
179.73998604900407 0.0048369771382393342
182.24961661100679 0.0048369771384963378
184.35719357800554 0.0048369771384668891
185.95121585500601 0.0048369771381558185
188.38671310100472 0.0048369771387529554
190.48360684200452 0.0048369771382991509
192.25082678600302 0.0048369771383614691
193.89852837000217 0.0048369771381740088
196.12191131900181 0.0048369771381071265
197.82534409299842 0.0048369771381298297
199.40769508899393 0.0048369771381997165
201.644372758994 0.0048369771381061508
203.41815073299949 0.0048369771381738657
205.0455033649996 0.0048369771380758217
207.4710557340004 0.0048369771381122778
209.29231959699973 0.0048369771382766298
211.37208796499908 0.0048369771382330068
213.00759086100152 0.0048369771380919217
215.17422931900364 0.0048369771380738545
217.132680282004 0.0048369771380681178
218.78820355500648 0.004836977138080371
221.23745494900504 0.0048369771381235717
222.883309956007 0.0048369771380808134
224.73779518500669 0.0048369771380903431
226.31390209301026 0.0048369771380735605
228.04562253500626 0.0048369771380648574
229.98764897901128 0.0048369771380700139
231.48410167801194 0.0048369771380643084
233.0937581120088 0.0048369771380642849
235.15896619300474 0.0048369771380640803
237.20765997200215 0.0048369771380691448
239.03057527200144 0.0048369771380633812
241.73125133400026 0.0048369771380651315
243.74074008899333 0.0048369771380632519
245.71239756199066 0.0048369771380633361
247.41606138799398 0.004836977138063212
249.18904020299669 0.004836977138063389
251.10286039999482 0.0048369771380629796
252.95082628299133 0.0048369771380635893
254.69504036699072 0.0048369771380630307
