time obj
34.1218849200013 0.0105517031698635
66.7795582420003 0.00823534159618208
99.1310506849986 0.0069875709022833
131.828635953003 0.00623274455954365
164.728567956001 0.00575757314437293
197.475181215006 0.00545184519343367
230.244504022005 0.0052519675119773
262.757933091001 0.00511978558446694
295.12272033 0.00503123887674077
327.417009183002 0.00497129970049071
359.617242755005 0.00493052064992312
391.895391899008 0.00490247525751316
424.136868926013 0.00488307702260937
456.182747905004 0.0048695502602267
488.191533982012 0.00486007732199803
520.160150469004 0.00485341879206352
552.164514693002 0.00484870110780025
584.303405806 0.00484536192982886
616.219473008008 0.0048429655982283
648.173714943005 0.00484130881635841
680.060942123004 0.00484013198037677
711.934862052003 0.00483928611503403
744.240563334002 0.00483866806292479
776.23841333 0.00483821550401946
808.085537164996 0.00483788277658657
839.917121510996 0.00483763721070786
871.761003433996 0.00483745563360038
903.603670754994 0.00483732156067027
935.618533102992 0.00483722229613966
967.450275020994 0.00483714859168627
999.242779082997 0.00483709366331334
1031.06129576099 0.00483705265868023
1062.88488987299 0.00483703040153528
1094.87893863199 0.00483701682146271
1126.81039340199 0.00483700677726527
1158.62509257699 0.0048369993101924
1190.48107820299 0.00483699375810219
1222.33122858898 0.00483698961354574
1254.20177040198 0.00483698651569752
1286.07246403897 0.00483698419560944
1318.07355797698 0.00483698245455849
1349.86271653398 0.00483698114824919
1381.68744773098 0.00483698016412716
1413.52151251498 0.00483697942307297
1445.33580681598 0.00483697886886338
1477.23104377399 0.00483697845235548
1509.17849763598 0.00483697813730266
1541.01417348098 0.00483697789871059
1572.85096992398 0.00483697771753189
1604.69146568397 0.00483697758006439
1636.48384317497 0.00483697747548761
1668.41681364097 0.00483697739580454
1700.35269053098 0.00483697733516166
1732.17000783797 0.00483697728888675
1763.99617747797 0.00483697725359522
1795.83262119797 0.00483697722662666
1827.67992253096 0.00483697720600095
1859.55381501296 0.0048369771902116
1891.55718742296 0.00483697717812254
1923.41785722996 0.00483697716885811
1955.24380492796 0.0048369771617505
1987.47759463796 0.00483697715629404
2019.40293535096 0.00483697715210054
2051.39830774195 0.00483697714887976
2083.40241042696 0.00483697714640165
2115.41299741797 0.00483697714449501
2147.19811205997 0.00483697714302901
2179.03216192796 0.00483697714189759
2210.85859249796 0.00483697714102552
2242.68923944396 0.00483697714035276
2274.49497647696 0.00483697713983369
2306.47718348596 0.00483697713943285
2338.37385759196 0.00483697713912306
2370.19347963396 0.00483697713888383
2402.04544398095 0.00483697713869901
2433.87517570095 0.00483697713855584
2465.72833559295 0.00483697713844498
2497.57871913295 0.00483697713835918
2529.48209428895 0.00483697713829275
2561.45002442495 0.00483697713824132
2593.23737480795 0.00483697713820138
2625.04098336995 0.00483697713817047
2656.88069755996 0.00483697713814647
2688.67301127496 0.00483697713812782
2720.44783964597 0.00483697713811334
2752.27104142696 0.00483697713810212
2784.19118475997 0.00483697713809339
2815.93069686797 0.00483697713808661
2847.96866021096 0.00483697713808133
2879.71023330295 0.00483697713807723
2911.44261414996 0.00483697713807404
2943.18249785895 0.00483697713807155
2974.88324355495 0.00483697713806962
3006.62839788395 0.00483697713806812
3038.42314141595 0.00483697713806695
3070.04035094295 0.00483697713806604
3101.58324593895 0.00483697713806532
3133.09786303495 0.00483697713806477
3164.55496285895 0.00483697713806434
3195.99150243195 0.004836977138064
