time obj
16.139037924003787 0.03989879213694187
32.509899937998853 0.038183085088695085
46.1941335349984 0.030862463636675882
60.231040006998228 0.02750477931780216
74.380216474994086 0.025133841004988583
87.653999684000155 0.0234374994907251
100.82161018700572 0.022149648254137979
113.92790127200715 0.021133863290230846
126.96208147601283 0.020307772504425978
139.9671652840043 0.019620155856783492
152.93379684000683 0.019035084808450481
165.82541231000505 0.018529560303191164
178.72928560200671 0.018086776828958841
191.6126349279948 0.017694453965499318
204.46694540798489 0.017343541785466515
217.3021929179813 0.017026883525090106
230.11544034998224 0.016738736200603174
242.87624697198044 0.016474730659097565
255.64313996197598 0.016231601770165322
268.39767260897497 0.016006486029997012
281.14393503597239 0.015797077736929295
293.87855516196578 0.015601616864234764
306.60933151596691 0.015418552205993563
319.33035099397239 0.015246336971076562
332.01899152196711 0.015083893031540905
344.71910708797805 0.014930249319938896
357.39286587697279 0.014784607457132436
370.0775451749796 0.014646212142559196
382.76342818097328 0.014514408253851462
395.44815835697227 0.014388603917437725
408.06474389997311 0.014268379294414229
420.72621917896322 0.014153233537692119
433.37876311196305 0.014042781247091895
446.02159210096579 0.013936671394580004
458.65750602095795 0.013834588589009286
471.29434283496812 0.013736210653206701
483.89224088795891 0.013641348981675428
496.51362707895169 0.013549766852269265
509.11230109195458 0.013461207804415459
521.71402210595261 0.013375479767863725
534.31608451694774 0.013292471177343531
546.90651909295411 0.013211958901826007
559.48612017095729 0.013133818482671677
572.01500575896353 0.013057905153387322
584.58113240895909 0.0129840982847487
597.1276369359548 0.012912301660637419
609.69642590095464 0.012842399531940211
622.27101780995145 0.012774284849809612
634.85255935294845 0.012707878312261786
647.34759930994187 0.012643090303139976
659.91295710093982 0.012579847178872576
672.46584643895039 0.012518087903244334
685.02050851695822 0.01245771796284547
697.57169426896144 0.012398698840474233
710.12472267796693 0.012340960993153639
722.62345857996843 0.012284450515435107
735.17143293996924 0.012229109601538659
747.71666415595973 0.012174903722725089
760.26792483696772 0.012121779983949371
772.81762276496738 0.012069698001254818
785.37253625896119 0.012018617072409607
797.89723153396335 0.011968512567928269
810.40763441995659 0.011919346844986398
822.94811400595063 0.011871083643250541
835.47783989094023 0.011823692364983809
848.03716547694057 0.011777141567405044
860.58465792195057 0.011731399286373389
873.11596771894256 0.01168643969516142
885.59343056393845 0.011642233488160196
898.11590230093861 0.01159875629319595
910.64916954493674 0.011555979608914415
923.19012023594405 0.01151388931422085
935.73958323194529 0.011472456127146514
948.27333397394978 0.011431663526752119
960.73802922094183 0.011391486673731955
973.26859859094839 0.011351909751476727
985.78458410294843 0.011312915447982965
998.30929459494655 0.011274490850417856
1010.8394550539379 0.011236610411877236
1023.3709161319275 0.011199271407633351
1035.8149143669289 0.011162453957126641
1048.3290493169334 0.011126144363425213
1060.8393075619242 0.01109032801104075
1073.3565447419242 0.011054991031884153
1085.8655052179238 0.01102012146266426
1098.3755020289245 0.010985706203581105
1110.7975156579196 0.010951731268390032
1123.2942050429119 0.01091819630096781
1135.8036389639019 0.010885077518571692
1148.3270244929008 0.010852370720177357
1160.8395440848981 0.010820059278250896
1173.3666854478943 0.01078813521726899
1185.7950734849001 0.010756593005696764
1198.2928597948921 0.010725421943424263
1210.7971826878929 0.010694617251066428
1223.3089147818973 0.010664166369024886
1235.8110393358947 0.010634064382127432
1248.322831216894 0.010604301991389615
1260.7373710748943 0.010574869405912422
1273.2134857069032 0.01054576732681658
1285.7079768269032 0.010516983142577303
1298.2132867558976 0.010488507904539623
1310.714201060895 0.010460337586811606
1323.2267121738842 0.010432464009472476
1335.6404978618812 0.010404880867898298
1348.1035565058701 0.010377583487825297
1360.5995330418809 0.010350568092125362
1373.1055540438829 0.010323829640383168
1385.6042671808827 0.010297359811340001
1398.1190530848689 0.010271156144905882
1410.5335872098804 0.010245215087070672
1422.9888110528846 0.010219528886475336
1435.4801315588848 0.010194095951580866
1447.9838575758768 0.010168915667140406
1460.4873125138693 0.010143978216763185
1473.0031089538679 0.010119281315093397
1485.4211660528672 0.010094818451094667
1497.8761923418788 0.010070587468766721
1510.3835702848737 0.010046583117030747
1522.8801072018832 0.010022804222401238
1535.4212058138801 0.0099992435372319461
1548.2208827968716 0.0099758986723802075
1560.6838075468695 0.0099527669720235572
1573.2312578618585 0.0099298446428124059
1585.7751209678536 0.009907128654766565
1598.2772051908541 0.0098846148531180136
1610.7698846848507 0.0098623029254806989
1623.2550606128498 0.0098401864429799365
1635.6499270678469 0.0098182632738322406
1648.1067517168558 0.0097965312459503424
1660.5861387378682 0.0097749853037557271
1673.0584644958581 0.0097536233740748643
1685.5437506468588 0.0097324439749405228
1698.0150882078451 0.0097114424785067748
1710.4014332968509 0.0096906184433851843
1722.8615449988574 0.0096699686534539604
1735.3164592978574 0.0096494938699954597
1747.7837570178526 0.009629187536239734
1760.2524980678572 0.0096090494995742185
1772.7086425028683 0.0095890777822713862
1785.09492958388 0.0095692683635209986
1797.5576212118758 0.009549619349968971
1810.0250726168888 0.0095301286041016026
1822.504938009879 0.0095107937014797146
1834.9786270218756 0.0094916138137192442
1847.4246107318759 0.0094725868260491317
1859.8044512398774 0.0094537116112532252
1872.2684639098879 0.0094349831495122178
1884.7318506028823 0.0094164017671397367
1897.199265257892 0.0093979640257945401
1909.6708369758853 0.009379671627243855
1922.0648773138964 0.0093615206375535706
1934.4524040659016 0.0093435106241457188
1946.910352526902 0.0093256376955609035
1959.3749546779 0.009307900214830106
1971.8340327399055 0.0092902973171524062
1984.3005377509107 0.0092728260536489651
1996.6803993659123 0.0092554873750391245
2009.0848889149056 0.0092382791818935422
2021.5473109838931 0.0092212009683759633
2034.0310685028962 0.0092042496428268363
2046.5193603408989 0.0091874242548323267
2058.9865357708914 0.0091707225546853698
2071.3685214318975 0.0091541418051653625
2083.7958921879035 0.0091376822415250442
2096.2485081058985 0.0091213408491360223
2108.7242841078987 0.0091051178709372557
2121.1980805579078 0.0090890109216230346
2133.6229329869093 0.0090730185340243321
2146.0024315729097 0.0090571388183383703
2158.4602045799111 0.0090413703364685388
2170.9244307739136 0.0090257132587492055
2183.3946371549246 0.0090101660365460232
2195.8858053239237 0.0089947279779678084
2208.2892931559181 0.0089793983255836395
2220.678201558927 0.0089641740448581364
2233.1515215679246 0.0089490543932943707
2245.6385000989249 0.0089340385835344795
2258.1309990809241 0.0089191249036177454
2270.6183501279156 0.0089043130844279617
2283.0104996749142 0.0088896016405734003
2295.4305716889066 0.0088749876283693938
2307.9113352939021 0.0088604715468428418
2320.3926605649031 0.0088460517269052449
2332.8878563698963 0.0088317276283575927
2345.3372520038974 0.0088174986818085593
2357.739666802896 0.0088033639813734285
2370.2143849898857 0.0087893230744563646
2382.705284367883 0.008775373996925219
2395.2015851668839 0.0087615168308433321
2407.7002517208748 0.008747750722846068
2420.1023972798721 0.0087340726172174046
2432.5070563498739 0.0087204847375891899
2444.9886645538645 0.0087069842909963443
2457.4799320128659 0.008693571779545382
2469.9770988418604 0.0086802465105400815
2482.4551381338533 0.0086670053893026632
2494.8608256158477 0.0086538500519199538
2507.2934932548524 0.0086407782286207456
2519.7855449348572 0.0086277893606940669
2532.2805250678502 0.0086148835207379912
2544.7824181808537 0.0086020589214583967
2557.2033054288477 0.0085893149343094534
2569.6142161788448 0.0085766501841217299
2582.1149181978399 0.0085640652726196639
2594.6260648368334 0.0085515579756172307
2607.1296502698387 0.0085391279962557156
2619.6272989618301 0.0085267751066974602
2632.0423768198234 0.008514498022824727
2644.4736693698214 0.0085022965692194384
2656.9805997318181 0.008490169489495665
2669.4855382198148 0.0084781170549197062
2682.0022552148148 0.0084661381694211609
2694.4158294188092 0.0084542331594531419
2706.8291335367976 0.008442399480760563
2719.3233705548046 0.0084306372239847886
2731.8236840078025 0.0084189457132693903
2744.3345764997939 0.0084073238048210062
2756.8149322477984 0.0083957721130085566
2769.2191783767921 0.0083842893622078519
2781.6364253407955 0.0083728752566642837
2794.1305026827904 0.0083615286833177444
2806.6345773357898 0.0083502499097754413
2819.1339860167936 0.0083390372961475116
2831.5383930037933 0.0083278898661364714
2843.9411651577975 0.0083168077379629796
2856.410505882799 0.0083057906965224026
2868.9089670728135 0.0082948382746580503
2881.4011841008178 0.0082839488236460691
2893.8760468518158 0.008273122613379048
2906.2745462428138 0.0082623591807293173
2918.6834917128144 0.0082516569117335736
2931.1818558988161 0.0082410161250924142
2943.6758477528056 0.0082304362075825196
2956.1763938628137 0.0082199161177959872
2968.5747210988047 0.008209455986880174
2980.9683390098071 0.0081990553864379548
2993.4307194608118 0.0081887138491428587
3005.9243535988062 0.0081784301777068826
3018.4161874787969 0.0081682039510817157
3030.8608513848012 0.0081580347271555144
3043.2525709268084 0.0081479219918589724
3055.6617833358032 0.0081378649594177916
3068.1559660238127 0.008127863685706985
3080.6500371758157 0.0081179174236442192
3093.1270995878149 0.008108025770721285
3105.5161246008211 0.0080981884439920229
3117.9035564738151 0.0080884053068439321
3130.3746493688232 0.0080786751669207294
3142.864866393822 0.0080689982033005144
3155.3537237698329 0.008059373979595566
3167.7577443228365 0.0080498021244390025
3180.1443939108285 0.0080402819698021672
3192.5666051338339 0.008030814280695452
3205.0544477038347 0.0080213973233079355
3217.5394574068341 0.0080120316046586419
3230.0050374238344 0.0080027164029931857
3242.3899879828386 0.0079934517430468918
3254.7759148458426 0.0079842367092893534
3267.2569115208462 0.0079750713197917818
3279.7424654128554 0.0079659540961952643
3292.235444586855 0.0079568851289314527
3304.6237588368531 0.0079478643512546892
3317.0095535528671 0.0079388917853765312
3329.4575680548733 0.0079299658792286246
3341.9490249848604 0.0079210856647320953
3354.4450096178625 0.0079122518179251568
3366.8490764928574 0.007903463085385122
3379.2302772078547 0.0078947201992164914
3391.6379187628481 0.0078860220805022276
3404.112743316844 0.0078773685699922852
3416.5834178328514 0.0078687587145895004
3429.0231136468501 0.0078601915965834344
3441.3980286778533 0.0078516678060414138
3453.7765780988557 0.0078431866530088191
3466.2516065258533 0.0078347479776197521
3478.7290284538612 0.0078263513356628817
3491.1924111438711 0.0078179968382527786
3503.575173313875 0.0078096837969894558
3515.9560529108858 0.00780141137298719
3528.4248110798944 0.0077931799982589615
3540.9123226418887 0.0077849888744486572
3553.393106690899 0.0077768383073942996
3565.7725012258888 0.0077687271912332051
3578.1508955168829 0.0077606555709606676
3590.5746004758839 0.0077526228455491028
3603.0639055018837 0.0077446285029987875
3615.5544079078827 0.0077366730385082247
3627.952845167878 0.0077287560522138407
3640.3337960048812 0.0077208775695918278
3652.7243361968722 0.0077130374456944005
3665.1961195608601 0.0077052356750015368
3677.6766682538582 0.0076974712745674434
3690.1178536648513 0.0076897447939953704
3702.4984721128421 0.0076820554866526818
3714.8802288548468 0.0076744030121054562
3727.3507268898393 0.0076667872515135231
3739.8308830588503 0.007659208484080156
3752.283208813853 0.0076516659794266311
3764.6590560838522 0.0076441586964060152
3777.0349330708559 0.0076366873273173074
3789.5024013368529 0.0076292518742376962
3801.9839515488566 0.0076218517120212638
3814.4587031878618 0.0076144867443790395
3826.8306551468559 0.0076071564780098005
3839.1990171928483 0.0075998608788420477
3851.6205902388465 0.0075925994470277666
3864.0844153628423 0.0075853719902140588
3876.5446066588484 0.0075781781155484611
3888.9110328138486 0.0075710184786487809
3901.275029358847 0.007563892190247056
3913.6656799098564 0.0075567987946016891
3926.1285469868453 0.0075497381392655846
3938.5924749218539 0.0075427106885166077
3950.9477062488586 0.0075357159863455115
3963.3027548888494 0.0075287536730757826
3975.6707822398603 0.0075218232378394525
3988.1325639058632 0.0075149249062809991
4000.6003789768583 0.0075080586274105963
4012.9767211578583 0.0075012233945826907
4025.3331437768647 0.0074944195873120935
4037.6906997758633 0.0074876469580842523
4050.1476768108696 0.0074809052042796031
4062.6077043248806 0.0074741941018444417
4074.9947882918786 0.007467513731594308
4087.3488013068854 0.0074608639238001387
4099.7043268168782 0.0074542443247646731
4112.148735595867 0.0074476543550230827
4124.6021061868669 0.0074410943076569846
4136.999518341865 0.0074345634450298133
4149.3512567698635 0.0074280619247702158
4161.7029910638666 0.0074215890345313579
4174.1468446868676 0.0074151451584874252
4186.6170994618733 0.0074087302721924228
4199.0373866748705 0.0074023437658409215
4211.3967702868686 0.007395985425334625
4223.7557274198625 0.0073896554533789145
4236.1840262888581 0.0073833535698017974
4248.6561860098591 0.0073770792984099477
4261.0710748138517 0.0073708328774667944
4273.4256533578591 0.0073646142343166939
4285.783040379858 0.0073584230273912856
4298.2000144968479 0.0073522588791855746
4310.6607858068455 0.0073461217564535766
4323.0933144118462 0.0073400118548242856
4335.4502657348348 0.0073339286981979673
4347.8063557528367 0.0073278723926844484
4360.208973841829 0.0073218427446637971
4372.6792381368286 0.0073158395306238411
4385.1285934798216 0.00730986278747741
4397.49424037883 0.0073039123999663648
4409.8583148818288 0.0072979883299914153
4422.2618814748275 0.0072920898450133196
4434.7478870408377 0.0072862167913902466
4447.1940390708478 0.0072803691468743643
4459.5623068758432 0.0072745473334021038
4471.9281878588372 0.0072687504463969967
4484.3347377388272 0.0072629783439263065
4496.8156219088269 0.0072572311835280637
4509.240391040832 0.0072515087075802906
4521.6060004808242 0.007245810470743146
4533.9714119118289 0.0072401369437026684
4546.3779888208228 0.0072344875471998076
4558.8459318828245 0.0072288621708263912
4571.2703017798194 0.0072232606523938165
4583.6302863428282 0.0072176832177726791
4595.9889556238195 0.0072121296129737406
4608.3955027548218 0.007206599637285897
4620.875487067824 0.0072010925081315768
4633.2887151748146 0.0071956083617376616
4645.6515125408041 0.0071901471997292341
4658.0129394488176 0.0071847089033466151
4670.4264846338192 0.0071792932854266413
4682.8980575368187 0.0071739000231793313
4695.2992099418188 0.0071685295352071857
4707.6604107398161 0.0071631811280356214
4720.0230607628182 0.0071578548982791325
4732.4375743798155 0.007152550943411236
4744.9089134278038 0.0071472688364820356
4757.3089427048108 0.0071420086051856005
4769.674854384808 0.007136769937454478
4782.0362238928064 0.0071315527659329605
4794.4635339278175 0.0071263565784880946
4806.9406178548088 0.0071211814533833949
4819.3012674527999 0.0071160279841339606
4831.6650751987909 0.0071108955058082415
4844.0256777517934 0.0071057835876026359
4856.4768254757946 0.0071006923896757175
4868.9519927397923 0.0070956219956799576
4881.3163465847902 0.0070905718627142164
4893.6790046137903 0.0070855419667482187
4906.0414762617875 0.0070805322321313251
4918.5099289197824 0.0070755424144689043
4930.973833124779 0.0070705725217006868
4943.3279655127844 0.0070656226119575217
4955.6813568437938 0.0070606924092967496
4968.0372563408018 0.0070557820065118597
4980.5053823788039 0.007050890936907599
4992.9424620778009 0.0070460193822280675
5005.2962675998133 0.0070411667328027939
5017.6505613478075 0.0070363334105040184
5030.0100840578089 0.0070315187288892637
5042.4706875598058 0.0070267228306318472
5054.9021090817987 0.007021945339375231
5067.2545924467995 0.0070171864829197484
5079.6082933857979 0.0070124463413396808
5091.9761644567916 0.0070077243909572821
5104.4482569507963 0.0070030206952021697
5116.8527230967884 0.0069983352038935232
5129.2096829617949 0.0069936676916847167
5141.5677108087984 0.0069890180800124815
5153.9567894587963 0.0069843863637422138
5166.4270037537935 0.0069797724044181626
5178.7800969637901 0.0069751761078524852
5191.1336299768009 0.006970597170803592
5203.4880461158027 0.0069660356207521586
5215.901813136792 0.0069614913245121049
5228.3635268467915 0.0069569639138395874
5240.7181066447956 0.0069524538233586416
5253.0707510347856 0.006947960510180741
5265.4222942167835 0.0069434840553588822
5277.867437639783 0.0069390239876009809
5290.3007807767863 0.0069345804785424271
5302.6506242737814 0.0069301535457402426
5315.0012894217798 0.0069257437927032015
5327.3537731007818 0.0069213504334010483
5339.8144813367835 0.0069169739776876885
5352.2208186177741 0.0069126140281551771
5364.5745674007776 0.0069082701969726901
5376.9293523487722 0.006903942781125323
5389.3016421947832 0.0068996312357566709
5401.7809341537795 0.0068953357004706874
5414.1510905317846 0.0068910561100994621
5426.5044215397793 0.0068867925491216684
5438.8574035717756 0.0068825446966742391
5451.2452870947745 0.006878312694359197
5463.7126032397791 0.0068740960653170813
5476.0616263647826 0.0068698950515456757
5488.4113395207823 0.006865709641480036
5500.76071321778 0.0068615395349535266
5513.1815509487787 0.0068573849873078798
5525.6162709317723 0.0068532454582649859
5537.963216533768 0.0068491209799666367
5550.3107304337755 0.0068450114606573315
5562.6566295917728 0.0068409165587053336
5575.1143195297773 0.0068368365200362647
5587.4903372417757 0.0068327711167712815
5599.8362953497854 0.0068287202014812448
5612.1844559297897 0.0068246839463886834
5624.5460682687844 0.0068206620927159659
5637.0014000777883 0.006816655384372078
5649.346434656778 0.0068126628484444967
5661.6893218437763 0.0068086845560967144
5674.0339916807716 0.0068047204607934496
5686.4283438627754 0.0068007706017528292
5698.8794421397761 0.0067968347594350798
5711.2218536497676 0.0067929128913820315
5723.5631629937707 0.0067890048805459204
5735.9053142137709 0.006785110719781909
5748.348721667775 0.0067812302171809643
5760.7414378577814 0.0067773634765455146
5773.0849859147856 0.0067735107197398085
5785.4286784727883 0.0067696715230459959
5797.777447893779 0.0067658458367024256
5810.2401638867887 0.0067620334681701465
5822.5931835207884 0.006758234576681588
5834.9400742347934 0.0067544488753413122
5847.2865900477918 0.0067506762609317395
5859.6713271547924 0.0067469165713847003
5872.1090781198 0.0067431698357450619
5884.4547592267918 0.0067394358539266995
5896.8002354497876 0.006735714603178334
5909.1422162577946 0.0067320062060104427
5921.5965539687895 0.0067283105298601587
5933.954584500796 0.0067246274343023844
5946.2969714317878 0.0067209569399770686
5958.6409295107878 0.006717298762131489
5970.9921992477903 0.006713653025576435
5983.4342868168023 0.0067100196869439221
5995.767616166806 0.0067063991435366921
6008.0997533307964 0.0067027910513431637
6020.4324732288078 0.00669919511178786
6032.8248624327971 0.006695611274657929
6045.2088852207962 0.0066920397082441347
6057.5436821967887 0.0066884799636267719
6069.87898798479 0.0066849321550513027
6082.2100853127777 0.0066813965141903561
6094.6641402997775 0.0066778729025663737
6106.9955255687819 0.0066743611249262518
6119.3282234397921 0.0066708611558156869
6131.6632755047904 0.0066673730673169705
6144.0197548627912 0.0066638967437796471
6156.4441101557895 0.0066604321809389704
6168.7744983127923 0.0066569790232375459
6181.1036342637963 0.0066535373352734368
6193.4320878578001 0.0066501068792316513
6205.8407111007982 0.0066466879364568635
6218.1814978727925 0.0066432801499737622
6230.5056424167997 0.0066398833304753633
6242.8294344368041 0.0066364975939313649
6255.1593699117948 0.0066331231910322693
6267.5740257887956 0.0066297601346359753
6279.8945397557982 0.006626408461586443
6292.212539541797 0.006623067971628204
6304.5297294397897 0.0066197389974969123
6316.909128367799 0.0066164208876874015
6329.2404878288071 0.006613113773233089
6341.5573983748036 0.0066098178063347095
6353.8769258198008 0.0066065329195104921
6366.1991296037886 0.006603258759627635
6378.6258671337855 0.0065999954842501478
6390.9451587517833 0.0065967431831188677
6403.263649640794 0.0065935014023100133
6415.5806371147919 0.0065902700479573296
6427.9457385567948 0.006587049137792159
6440.2940572898078 0.0065838384125317725
6452.6161461628071 0.0065806382225339754
6464.9389634588006 0.0065774482149403967
6477.264826317798 0.0065742686833710215
6489.7039036737988 0.0065710992912985768
6502.0326989718014 0.0065679400834609677
6514.3628861718025 0.0065647909225849971
6526.692261036791 0.0065616517562663533
6539.0533694317855 0.006558522404345497
6551.4134656107781 0.0065554030333330807
6563.7397742267785 0.0065522937103483616
6576.0650092527794 0.0065491945329863898
6588.3899961367715 0.0065461053017673645
6600.8212074997718 0.0065430259494577321
6613.14691535577 0.0065399561448000344
6625.4734944957745 0.0065368960634151936
6637.8000423867634 0.0065338456092791279
6650.1674966047576 0.00653080460922439
6662.5097126807523 0.0065277732078833544
6674.8359483367531 0.0065247510808897251
6687.1620866117592 0.006521738388319368
6699.489266794757 0.0065187350933708808
6711.9064730407554 0.0065157411233126468
6724.2340740107466 0.0065127564406360578
6736.5620732577518 0.0065097809069657731
6748.8880805847584 0.0065068146813729629
6761.2619173457642 0.0065038577014031622
6773.5887553027569 0.0065009097825724669
6785.9149122457602 0.0064979708705518871
6798.2392463207652 0.0064950409128060309
6810.5662082557683 0.0064921199753558648
6822.9765160767711 0.0064892079857213937
6835.3001198717684 0.0064863046735006433
6847.6235512337735 0.0064834104804093497
6859.9466407307773 0.0064805249851171143
6872.317364407776 0.006477648288133608
6884.6377160327684 0.0064747802252904099
6896.9605657707725 0.0064719207796321209
6909.2849178297765 0.0064690700807136878
6921.6187363947829 0.0064662283056074856
6933.9965344187804 0.0064633951547483316
6946.328752384783 0.0064605706068593186
6958.6629136957781 0.0064577546161867991
6971.0001665987802 0.0064549473112728729
6983.3980658517685 0.0064521486722707534
6995.7358448647719 0.0064493587674975972
7008.0719253307761 0.0064465773297747364
7020.4105192927818 0.006443804241968892
7032.771868408774 0.0064410394676546953
7045.1129913277691 0.0064382829807007125
7057.4518802127714 0.0064355347246953052
7069.7894903247652 0.0064327946576586475
7082.1280545517657 0.0064300625641272816
7094.5258001637558 0.0064273385679662811
7106.8589753607521 0.0064246226447382988
7119.1913058367645 0.0064219149328050311
7131.5234243797604 0.0064192153891469142
7143.8958650877612 0.0064165239327912023
7156.2289529617701 0.0064138404541966478
7168.5630782757653 0.0064111647404922539
7180.894952865754 0.006408496828919902
7193.2329591717571 0.0064058366859928448
7205.5818848267518 0.0064031842548248116
7217.9133917767467 0.0064005393749492637
7230.2444297107431 0.0063979022466330339
7242.5743952637422 0.0063952726497151918
7254.9463064957381 0.0063926509210598887
7267.2743811287364 0.0063900367906386413
7279.6018995007325 0.0063874302938518226
7291.9293142567331 0.0063848314373610151
7304.2772829227324 0.0063822400677376514
7316.6064416497247 0.006379656062461261
7328.9351825037302 0.0063770795543955459
7341.2621020847291 0.0063745103993221273
7353.5937049727218 0.0063719486486634768
7365.9217198817205 0.0063693942669165553
7378.2492543097324 0.0063668473806049912
7390.5775757997326 0.0063643078237930386
7402.9066565147368 0.0063617756042450083
7415.2690190127323 0.0063592505685041807
7427.6033245327271 0.0063567328392388047
7439.9327420207264 0.006354222188602634
7452.263233803722 0.0063517186166395199
7464.6120827297127 0.0063492221029990484
7476.9421683957044 0.0063467325923719127
7489.2722867557168 0.0063442500519020591
7501.6028581367136 0.0063417744087141664
7513.9374515847157 0.0063393057692063678
7526.2657491917198 0.0063368440854024693
7538.592458573723 0.0063343893680408566
7550.9213024067285 0.0063319414633226717
7563.251431968718 0.0063295004925598515
7575.6003757947037 0.0063270663481102205
7587.929433207697 0.0063246390209426868
7600.257717313696 0.0063222185575164524
7612.586177485704 0.0063198047744225851
7624.9213357967092 0.0063173977432559271
7637.250308786708 0.0063149973663738576
7649.5784659787023 0.0063126036502750013
7661.9057329157076 0.006310216632821752
7674.2327882707177 0.0063078361234848532
7686.5637117557053 0.0063054621682432426
7698.8908575987152 0.0063030946694315818
7711.2177436847123 0.0063007336330608617
7723.5421962047112 0.0062983790633538298
7735.8682796687208 0.0062960309547330073
7748.1945241497306 0.0062936892130634791
7760.5204875857307 0.0062913538591365618
7772.8465031437372 0.0062890248012595611
7785.1722400707367 0.0062867020022460531
7797.4972102097381 0.0062843854778686283
7809.8226998987375 0.0062820752535285044
7822.1469634947425 0.0062797712255235946
7834.4706321167323 0.0062774737070779973
7846.7917326087336 0.0062751824244419944
7859.1139349867299 0.0062728975379515734
7871.4351680197287 0.0062706188148997609
7883.7570371677284 0.0062683462793432423
7896.0803533117287 0.0062660798729905981
7908.4051475757296 0.0062638195416310841
7920.7302190157352 0.0062615652841020025
7933.0554727397393 0.0062593171473872226
7945.382551421746 0.0062570750890766297
7957.7055435467337 0.0062548391128671339
7970.0279589357378 0.006252609294976617
7982.348539683735 0.0062503855243507657
7994.6701215087378 0.0062481676869186953
8006.9935139537265 0.0062459559452914867
8019.3185118127294 0.0062437502803191275
8031.6441034937161 0.0062415504310826837
8043.9642171177256 0.006239356538426874
8056.2808162967267 0.0062371685065700962
8068.5977429987252 0.0062349862646196245
8080.9121601707302 0.0062328097489486268
8093.2268191127368 0.006230639006121582
8105.540469833737 0.0062284739641001218
8117.8550898357353 0.0062263147197469063
8130.172432736741 0.0062241610991580218
8142.4915711347421 0.0062220131978433166
8154.8106467557373 0.0062198707660958827
8167.1283505737374 0.0062177341049346538
8179.4452722497517 0.0062156030746474819
8191.7615112097556 0.0062134775737905804
8204.0807296457642 0.0062113575426456695
8216.3935943887627 0.0062092431115475773
8228.7064568207716 0.0062071341568538298
8241.0180285647803 0.006205030641905941
8253.3301960797689 0.0062029325201094871
8265.642188108759 0.0062008396995031669
8277.9538347327616 0.00619875229860234
8290.2668457077671 0.0061966702373961631
8302.578262114781 0.0061945935379560477
8314.8887560667936 0.0061925221577132121
8327.1994583867927 0.0061904559680189732
8339.5099721487932 0.0061883950177510335
8351.8222292387945 0.006186339232143203
8364.1341050777846 0.006184288738810292
8376.4460595497949 0.0061822433543904385
8388.7600436377979 0.0061802034796861948
8401.0737201078009 0.0061781687391528513
8413.3876726938033 0.0061761393091478009
8425.7010681857937 0.0061741149515670331
8438.0153431637882 0.0061720956238829694
8450.3280643347971 0.0061700814089474879
8462.6436807267892 0.0061680721582594265
8474.9572873537982 0.0061660680464589992
8487.2716358697944 0.0061640689620262564
8499.5849790718057 0.0061620749106515984
8511.8989160888013 0.0061600858149634796
8524.2128386378026 0.0061581016133553544
8536.5264744628075 0.006156122406104329
8548.840793271811 0.0061541482612271839
8561.1548924498056 0.0061521791309939351
8573.4685252148047 0.0061502149283085578
8585.7822488348029 0.0061482556549149678
8598.0960203538125 0.0061463011296102443
8610.4068925178144 0.0061443516057151891
8622.7147018748074 0.0061424070533700956
8635.0225031908049 0.0061404672784206721
8647.3297901407932 0.0061385323520416306
8659.6370786347834 0.0061366022530322016
8671.9454388027953 0.0061346768340515131
8684.2536303848028 0.0061327560865072836
8696.561169287801 0.0061308399631528395
8708.8676990007953 0.0061289283944562381
8721.1779407897993 0.0061270214957625524
8733.4852763907984 0.0061251191030693647
8745.7923606967961 0.0061232212520026998
8758.0986756597995 0.0061213279909891017
8770.4056985888019 0.0061194391791810311
8782.7140442268137 0.0061175547892957424
8795.0209874148131 0.0061156750714495556
8807.329328201813 0.0061137998053252566
8819.6383646388131 0.0061119289121179697
8831.9467043138138 0.0061100625330411523
8844.2539773768221 0.0061082006714878127
8856.5620437388279 0.0061063431324549205
8868.8748899748316 0.0061044899236219917
8881.1802115238243 0.0061026410805053201
8893.486325107835 0.0061007966505980575
8905.7942148938309 0.0060989565185389713
8918.1027473968425 0.0060971207075527657
8930.4132858448429 0.0060952892350348981
8942.7222020858462 0.006093462060675691
8955.0316375458351 0.0060916391864758637
8967.3405335998395 0.0060898205746094192
8979.6528123488388 0.0060880061278642478
8991.9687477638363 0.0060861959320052889
9004.2756039528322 0.0060843900975398628
9016.581040754827 0.0060825884513755323
9028.886719297836 0.0060807910760084724
9041.1921533558343 0.0060789978098958215
9053.4963053038373 0.0060772087528463744
9065.7999149238312 0.0060754239025919698
9078.1028119678376 0.0060736434040182018
9090.4048104438261 0.006071866954957727
9102.7066432458232 0.0060700945521314853
9115.0076570598176 0.0060683262568761165
9127.3089942848164 0.0060665622919868602
9139.610807917823 0.0060648023506863586
9151.9116019678186 0.0060630464054844384
9164.2104467898171 0.0060612945471230735
9176.5087714378169 0.0060595466312300655
9188.8076085538196 0.0060578026597565299
9201.103476247823 0.0060560627071891771
9213.4015089288296 0.0060543267527798771
9225.7005688698264 0.0060525946610418208
9238.0015489328216 0.0060508664094845264
9250.3009973498265 0.0060491421160990665
9262.600189433826 0.0060474216785741334
9274.8968176948256 0.0060457050876847164
9287.1933969418315 0.0060439923572145234
9299.4944880038238 0.0060422835216518535
9311.7947218358167 0.0060405785346180872
9324.0952785378176 0.0060388774563886636
9336.3962015678117 0.0060371801436150466
9348.6955975008168 0.0060354866172561408
9360.9962218438159 0.0060337967105863989
9373.2977114368114 0.0060321105982628813
9385.5987772168155 0.0060304282219456381
9397.898828159814 0.0060287497591769764
9410.1963057588146 0.0060270749865463874
9422.494972816814 0.006025403937246967
9434.7940108918119 0.0060237365960857641
9447.0932375188131 0.006022072834520332
9459.3916911208071 0.0060204127193948008
9471.6906407958013 0.0060187566588740908
9483.9899687047873 0.0060171042164088974
9496.2916943617893 0.0060154553517201212
9508.592006273786 0.0060138100619902823
9520.8908968057804 0.0060121684473389177
9533.1890563527704 0.0060105303987562607
9545.4873584987799 0.0060088959092002674
9557.7849244937825 0.006007264950858039
9570.0836639407935 0.0060056374940837612
9582.3799746507866 0.0060040136197959037
9594.6734206387919 0.0060023933616451617
9606.9665800727962 0.0060007766872796882
9619.2592105328076 0.0059991634764827691
9631.5537910168059 0.005997553837735879
9643.8486588428059 0.0059959477601797245
9656.1457599317946 0.0059943451311082023
9668.4416597317904 0.0059927460278609472
9680.7376615267858 0.0059911503935408724
9693.0331380477874 0.0059895582767637272
9705.328543425785 0.0059879696262458097
9717.6264843507815 0.005986384340046007
9729.9205396217731 0.0059848025505049654
9742.2148615037731 0.0059832241338570111
9754.5099690367642 0.0059816491242536719
9766.8027435397671 0.0059800775260619703
9779.0952427247685 0.0059785093676314712
9791.386829011768 0.005976944570895204
9803.678228910765 0.0059753830631382506
9815.9696966597694 0.005973825015469069
9828.2638872577663 0.0059722703734816579
9840.5586842777702 0.0059707192388531501
9852.8529670817661 0.0059691714064194993
9865.1469377417525 0.0059676268110780192
9877.4399081337615 0.0059660854460504157
9889.7329295947566 0.0059645473296930191
9902.0256738967582 0.0059630125920791827
9914.3177150977572 0.005961481181639942
9926.60784464475 0.0059599530206320616
9938.8954881857499 0.0059584281118207931
9951.1842419587483 0.0059569063943289528
9963.4740445367497 0.0059553878509992593
9975.7651642217534 0.0059538724889620755
9988.055789715756 0.0059523603331126705
10000.345923719768 0.0059508513352172871
10012.635503811776 0.0059493454687602624
10024.927603319782 0.0059478426938511823
10037.218000585795 0.0059463429793940583
10049.508825619807 0.0059448464084313349
10061.800807115811 0.0059433529540950068
10074.093656563811 0.0059418626705746921
10086.38811452681 0.0059403754428107918
10098.681621206808 0.0059388912307188051
10110.976582713804 0.0059374100647332975
10123.271880684813 0.0059359320456061175
10135.566621122809 0.0059344571144281785
10147.861981202819 0.005932985262596599
10160.15611756382 0.0059315163758754527
10172.45138316181 0.005930050563844335
10184.745170545808 0.0059285877777543071
10197.03876967181 0.005927128027316454
10209.334808105807 0.005925671360580048
10221.631009674806 0.005924217664560515
10233.929976849802 0.0059227669207430845
10246.227737370806 0.0059213191204610096
10258.526127583798 0.0059198742631739309
10270.824070897812 0.0059184322756503493
10283.124956300817 0.0059169932003730105
10295.421753166811 0.0059155571508539839
10307.718471898799 0.0059141239723802955
10320.015565651804 0.0059126936758895545
10332.311685205801 0.0059112664883425635
10344.609250280802 0.0059098423116690614
10356.9042377078 0.0059084210461482116
10369.200411131809 0.0059070025891031419
10381.496474319807 0.0059055871023571439
10393.792939499806 0.0059041746015236658
10406.089729790794 0.0059027649640617337
10418.387375384802 0.005901358136633816
10430.68606882781 0.0058999541965566709
10442.985081889812 0.0058985531048158339
10455.283260166805 0.0058971548166830588
10467.581829543808 0.0058957593584414722
10479.879797043817 0.0058943668030904421
10492.17667275382 0.0058929771038156598
10504.475075331822 0.00589159033701452
10516.778035005816 0.0058902065318841013
10529.080659873813 0.0058888255964996816
10541.384857583806 0.0058874474620820095
10553.686339164808 0.0058860720797152787
10565.987665404813 0.0058846994215544157
10578.289445777817 0.0058833295848567894
10590.589543442824 0.0058819624908502607
10602.887942436821 0.0058805981719907228
10615.185115993809 0.0058792365316198362
10627.482393448809 0.0058778776002585851
10639.777217399809 0.005876521362247613
10652.071702308822 0.0058751678712074505
10664.366027230819 0.0058738170256429122
10676.662786104818 0.0058724689343971357
10688.960315499819 0.0058711235200436954
10701.262844806814 0.0058697808040371205
10713.565093703815 0.0058684407478529609
10725.869943932805 0.0058671035995066087
10738.176282699802 0.0058657691950317632
10750.482093953804 0.0058644375382114885
10762.786649931804 0.0058631085467918623
10775.089854861799 0.0058617821876031113
10787.391623092801 0.0058604585055871787
10799.697192379797 0.0058591376749924807
10812.000991241788 0.0058578193920069983
10824.304597190785 0.0058565036471981769
10836.608949827772 0.0058551905384199264
10848.916382716779 0.0058538800352105737
10861.227496993772 0.0058525720656879407
10873.53724858677 0.0058512666268286367
10885.848484585775 0.0058499636849489453
10898.159200864771 0.0058486634075690658
10910.472398290774 0.0058473657336913492
10922.787370226783 0.0058460705815440769
10935.10295982979 0.0058447778954283987
10947.418089371786 0.005843487694518321
10959.734339038783 0.0058421999288615885
10972.04883879979 0.0058409146158132867
10984.363977515794 0.0058396317473386793
10996.679055760789 0.0058383513077336063
11008.994448356796 0.0058370733154111173
11021.3103054198 0.0058357978294932026
11033.626107517804 0.0058345248386997683
11045.940020962807 0.0058332543431040742
11058.257776356812 0.0058319862542328717
11070.572709407803 0.0058307205984132011
11082.886226984803 0.0058294574091150176
11095.199753836801 0.0058281965805088327
11107.512798782802 0.0058269381329711274
11119.827443242801 0.0058256820531357384
11132.141563955796 0.0058244283430520429
11144.455697112804 0.0058231771042397138
11156.765644652798 0.0058219285371468397
11169.074353348798 0.0058206823366955228
11181.384164688789 0.0058194384441920917
11193.693488406789 0.0058181968799321639
11206.001963965784 0.0058169577102574581
11218.310655550784 0.0058157208066973
11230.61875289779 0.0058144862191326346
11242.928140537784 0.0058132539652766659
11255.238238001781 0.0058120240030389188
11267.547980604781 0.0058107963910861418
11279.857258215794 0.0058095710966023081
11292.167741684796 0.0058083480545509641
11304.477751088794 0.0058071272606195984
11316.789954767795 0.0058059087240712312
11329.099253556793 0.0058046925399591297
11341.409115146802 0.0058034786582053643
11353.718584960807 0.0058022670386716994
11366.026868389803 0.0058010576747352998
11378.336043315809 0.0057998505319591127
11390.644466859812 0.0057986456242862128
11402.953661948806 0.0057974429234374895
11415.265179750801 0.0057962426186961178
11427.577613145797 0.0057950445863399523
11439.889707460796 0.0057938488178840347
11452.202836311801 0.0057926552574057936
11464.517532097801 0.0057914639735773205
11476.832982363805 0.0057902748939018117
11489.146633511802 0.005789088042126478
11501.460364650804 0.005787903469409739
11513.774676122805 0.0057867211236764787
11526.088913658794 0.0057855410121958302
11538.400897837782 0.0057843633094267028
11550.712879097788 0.0057831878303602428
11563.025159481782 0.0057820145790397496
11575.340297160787 0.00578084347242211
11587.65343703478 0.0057796745025410689
11599.966979815785 0.0057785076704943896
11612.280964748774 0.0057773429528874222
11624.59593125977 0.0057761803470710053
11636.911623742766 0.0057750198485209889
11649.227562125772 0.005773861409583865
11661.543188094773 0.0057727050806371995
11673.859785755762 0.0057715508770140346
11686.176218513763 0.0057703987730075351
11698.492267795766 0.0057692487575183183
11710.809085050758 0.0057681008151847521
11723.126890456755 0.0057669549435114889
11735.445289021751 0.0057658111182502759
11747.762326948752 0.0057646693084263834
11760.079477190753 0.005763529521172088
11772.397074600754 0.0057623917546076164
11784.717033603752 0.005761256024885638
11797.03686238575 0.0057601222791519701
11809.356273931742 0.0057589906322552129
11821.67594645574 0.0057578610657855866
11833.998703136735 0.005756733478044368
11846.319091017736 0.0057556078928918362
11858.639367509735 0.0057544843151296548
11870.959759008721 0.005753362729726646
11883.278431443716 0.0057522431726534807
11895.597713631709 0.0057511255875590537
11907.916863243707 0.0057500099921622234
11920.233526362703 0.0057488964986947659
11932.553193100699 0.0057477850945912151
11944.872650936697 0.005746675674383632
11957.191818018691 0.0057455684020286286
11969.513410772692 0.0057444631010819666
11981.834143742701 0.0057433597624411076
11994.153644198697 0.0057422584463619067
12006.471807298687 0.0057411590593507171
12018.790397024684 0.0057400615877765526
12031.109407387688 0.0057389661107261425
12043.427233777693 0.0057378725448256843
12055.745124905705 0.0057367808911520371
12068.062482740701 0.0057356911731439404
12080.380641438707 0.0057346033362505417
12092.701310531702 0.0057335174092306134
12105.0237061027 0.0057324334207356784
12117.34512811969 0.0057313512979190236
12129.667470552697 0.0057302710987849632
12141.992549660703 0.0057291927737957368
12154.31945889171 0.0057281163012202242
12166.655874803721 0.005727041699426655
12178.982503319712 0.0057259689838673623
12191.311524107703 0.0057248981252686886
12203.639644042705 0.0057238291071049548
12215.966942280706 0.0057227619797603725
12228.294798339703 0.0057216966853221073
12240.623435051704 0.0057206331924312803
12252.951819135706 0.0057195715301351282
12265.279531029708 0.0057185116805360857
12277.606842079709 0.0057174536360059666
12289.934396441706 0.0057163974345186622
12302.262461861712 0.0057153431611824653
12314.588402270718 0.0057142907632232393
12326.913282225723 0.0057132401388234827
12339.238074184716 0.0057121913242925773
12351.564655316717 0.0057111442920256559
12363.890431262727 0.0057100990054356994
12376.214506114717 0.0057090554968565743
12388.538399033729 0.0057080137967471557
12400.862556100736 0.005706973850897557
