55 40
1 0.447398
2 0.323969
3 0.241463
4 0.155551
5 0.256721
6 0.240822
7 0.727149
8 0.73757
9 0.466082
10 0.226338
11 0.34749
12 0.0545004
13 0.402837
14 0.0930074
15 0.00576929
17 0.00108432
18 0.00581566
19 0.004114
20 0.00394978
22 0.00531562
23 0.00116866
24 0.0957819
25 0.0260896
26 0.075209
27 0.0555735
30 0.0244187
34 0.000179515
36 0.0327759
37 0.061608
38 0.0333552
40 0.00450464
41 0.0032671
42 0.00460762
43 0.125721
44 0.0516593
45 0.0443482
46 0.0599362
47 0.148953
53 0.0186427
54 0.00398575
