10001 3603
5850 -6.10551e-05
7889 -0.00321588
3419 -0.00986834
4951 0.00419691
9697 -0.0130049
9655 -0.00182952
6307 -0.00991283
6425 0.00590065
1546 0.0109059
8946 -0.0161591
7849 -0.00228131
5387 -0.00481363
7188 0.00780938
2308 -0.0262251
5211 0.051371
9719 0.0256551
8452 -0.0284395
5268 -0.0120945
4139 0.0163058
8199 0.0331013
8402 -0.0366585
9184 0.0140135
7462 -0.0226104
8264 -0.0347545
2081 -0.0382542
8865 -0.0296534
1212 0.0635806
3660 -0.0247026
3465 -0.0204646
7750 0.0935788
5769 -0.0270568
5650 -0.0104156
8999 0.0498644
2430 -0.0612837
6423 0.029233
3428 0.0295697
9452 0.00939345
3432 0.00352257
1087 0.0559422
6427 -0.0531026
9997 0.0180051
9759 0.0633766
5445 0.00733364
2171 -0.0712779
9439 -0.0878732
4539 0.0190336
6549 0.0600615
886 0.00618993
3034 -0.00675543
6722 0.0460299
4216 0.029743
4800 -0.0469694
7151 -0.0952459
3592 0.0725664
8663 0.0229222
3459 -0.105961
3987 0.101987
1533 -0.0437216
3533 0.0624994
6416 -0.0505202
8032 -0.0188524
1654 0.0155719
6840 -0.044807
5496 0.0638661
4773 0.0938931
6150 0.0949622
4467 -0.123449
4683 -0.125225
9943 0.150425
1638 0.0194478
8432 0.11741
2804 -0.101378
4684 0.076101
1132 0.118863
1366 0.0555022
7020 0.0128852
4451 0.165839
1066 -0.0837336
8988 0.0667811
2405 -0.0920752
856 -0.0475122
1180 0.111154
4492 -0.0387105
3106 0.0931202
8498 -0.0886289
2249 -0.0743283
5359 0.0244257
2220 -0.0482845
8729 0.113618
5677 -0.12781
6844 0.148733
8784 0.0176083
259 -0.148067
9776 -0.0490682
3355 0.072883
4880 -0.0626695
5435 -0.0608032
5135 -0.124277
9878 -0.0014136
6192 -0.128758
8685 0.071681
1078 0.160784
3250 0.123084
9430 -0.0969152
1782 0.0683453
4551 0.155835
6917 -0.241494
8300 0.132382
2965 -0.07112
6738 0.0293344
1124 -0.0101243
3394 0.0845328
5110 0.113375
1961 -0.0713413
2371 0.129845
903 -0.0551265
6454 0.279583
552 0.00510403
4256 -0.116346
7385 0.0562683
9866 0.0666299
6913 0.196809
9186 0.108864
869 0.175951
6957 -0.0712243
2206 0.0168991
4424 0.0936562
8124 0.158259
2688 0.203981
1888 0.0899389
187 0.0959425
7745 -0.210403
1009 0.129346
2244 -0.206312
8517 -0.112393
2968 0.153836
8622 -0.00777753
7848 0.166202
437 0.0417282
7132 0.265382
6551 0.0625916
3221 -0.188642
2191 -0.102082
4904 -0.0191832
3931 0.2979
9614 -0.106628
2420 -0.413206
8411 -0.212303
1592 0.140057
8006 -0.288337
4927 0.0285283
3517 0.0463796
3031 0.0208285
4197 -0.00727049
6702 0.237363
3254 0.107582
1907 0.0595797
6638 0.082033
6836 -0.184092
8610 0.099021
7893 -0.0246925
404 0.112291
2139 -0.128731
4621 0.106818
6947 0.278826
1317 -0.107757
4645 -0.125468
4838 -0.267342
5002 0.100172
2077 -0.309307
494 0.0217165
3429 0.0768959
7285 -0.146993
3579 -0.0670838
1947 0.0915617
3191 0.224676
3915 -0.0899294
4243 -0.0743281
1397 0.121329
7477 0.145926
2335 0.25522
3040 0.0415774
7025 0.289757
3424 -0.191836
8572 0.311845
9426 0.427434
4347 0.191256
2091 -0.207017
9573 -0.0741646
3096 0.0813844
6905 -0.113412
4588 0.265034
7077 -0.199194
6580 -0.100404
4316 -0.0323005
9040 0.282538
7259 -0.143388
1640 -0.229634
2800 -0.0881258
104 -0.013751
1082 0.221311
8474 -0.259869
2190 0.157121
1685 -0.263727
9387 -0.11014
1598 0.330232
4992 -0.302134
982 -0.14991
2534 0.167315
6798 -0.0491569
3595 -0.485081
7766 -0.287655
5123 -0.164934
6536 -0.272986
7507 -0.0136122
7044 -0.428644
7693 -0.374204
2936 -0.220798
9023 -0.0162437
1463 -0.171711
4516 -0.250485
1730 -0.100855
9579 0.0566922
4175 0.218884
5080 0.0723883
7901 -0.135134
6999 -0.20437
9055 -0.394623
3632 -0.0588543
7992 0.168847
3791 -0.336226
1001 -0.205464
2728 0.29059
3152 0.294211
7504 0.24518
684 -0.187579
7495 0.094399
1273 -0.149834
6921 -0.131772
7416 0.246624
1304 -0.0426924
6981 -0.172003
7555 -0.152932
8870 -0.167325
2716 -0.438577
6813 -0.294216
6898 -0.0654646
6301 -0.0428667
4435 0.13493
2355 -0.0825707
4595 0.162331
6174 0.122062
6474 -0.0683977
2479 -0.207475
1487 0.276646
9937 -0.0621101
9259 -0.0313859
1927 0.18065
7108 -0.248775
5382 -0.0182518
5175 0.401992
1934 0.176926
5537 -0.193245
1025 0.349459
8987 0.156145
5608 0.0942164
2280 -0.112099
711 0.0710016
6231 0.182492
4831 0.225896
5992 0.14997
4023 -0.0703511
9433 -0.506462
6351 -0.0383577
5433 -0.00891839
244 0.0807447
9683 0.155339
1914 0.296097
2747 0.585789
2903 -0.110265
1107 0.482746
4651 -0.0896941
963 0.227675
2963 0.0493311
6555 0.307162
7558 0.26989
3019 -0.0335065
8065 -0.299763
6564 -0.416792
6218 0.0483538
566 0.20933
8097 -0.204879
2117 0.135232
7323 0.037141
1139 0.315866
4218 0.532867
4087 -0.101623
2508 -0.519136
5074 -0.405455
8550 -0.18856
7695 -0.115752
764 -0.162624
8876 -0.320588
2071 -0.73826
5099 -0.224942
8507 0.106757
7193 -0.359115
6479 -0.132044
5152 0.0231643
4463 -0.285796
1646 -0.247186
6442 -0.068145
3552 -0.234702
7767 0.307592
7051 -0.0429776
3908 0.615014
2036 -0.0716088
6043 -0.202355
670 0.214547
4849 0.217464
2368 0.100485
4575 -0.0480766
3726 -0.471736
3246 -0.163756
4105 -0.293049
2569 0.315615
2933 -0.168992
7310 -0.0777154
9593 -0.436474
696 -0.0146012
2995 0.0493865
9844 0.211568
8842 0.0446118
7592 -0.454168
7078 0.33903
6158 0.0387345
2865 -0.107275
4080 0.19703
1745 0.0997839
1049 -0.254324
5386 -0.0963134
5482 -0.314108
8419 0.351703
7789 -0.0990741
469 0.474735
8422 0.3812
9757 -0.160539
9762 0.209391
7509 0.184774
5654 -0.383426
191 -0.120852
7915 -0.232745
8002 -0.327778
2971 -0.183634
6477 0.222383
9983 0.313047
9753 0.300379
6134 0.127805
8443 0.074382
4654 0.197642
9671 -0.793767
496 0.371544
8039 0.201307
4184 -0.174344
5720 -0.075671
4922 0.255222
7135 0.0284879
3477 0.0639772
3659 -0.466798
6054 0.308515
9338 -0.316738
6752 0.0229962
3314 0.541639
1826 0.246101
9269 0.559098
1773 -0.379653
8091 -0.580899
7447 0.269436
9728 -0.597202
4238 0.344648
1991 -0.478451
8710 0.759696
7784 -0.103633
1496 -0.216762
4466 -0.213004
947 0.301368
5200 0.385495
9288 0.259988
7570 -0.253621
9080 -0.105743
9309 -0.437031
7644 0.616346
3555 0.326534
9777 -0.572145
3006 0.291894
6419 0.27856
3856 0.615597
5220 -0.409793
2401 0.282494
6438 -0.261334
2893 0.425452
3045 -0.302503
7055 0.0696684
3493 0.288523
5622 -0.213299
5860 0.240067
4478 -0.511591
3663 -0.285237
3838 0.375386
4376 -0.250259
5732 -0.690131
1562 -0.447081
2467 0.756319
3917 -0.652035
428 0.168174
638 0.0161246
7536 0.248468
785 -0.0131753
9140 0.833339
576 0.703994
7989 -0.174839
3174 -0.425091
2279 0.207372
5849 0.216454
1630 0.132327
4068 -0.0368848
1698 -0.315348
7301 0.393324
9 0.0649862
6911 0.280608
7605 0.554429
7382 -0.14948
483 0.349229
9959 -0.083716
436 -0.637967
9624 0.188341
1097 -0.40982
3813 -0.939478
1949 -0.254439
5492 -0.325491
5410 -0.361672
1942 -0.0984149
6429 0.281629
6953 0.174066
8123 -0.641348
6070 0.412131
3222 -0.0727732
2049 -0.193984
8380 0.23932
7233 0.219835
8410 0.308846
41 -0.0376457
5768 -0.611385
1292 -0.503483
8652 0.250303
8609 -0.397252
9723 0.635382
2217 -0.256566
96 -0.0301092
8664 -0.475112
1702 -0.47089
7499 0.321261
2653 0.52926
9356 -0.35752
6565 -0.0337161
4766 0.369734
4394 0.378075
5670 -0.409665
6465 -0.385974
8332 -0.251779
2306 1.08003
1809 0.354678
6316 0.0811385
372 0.170438
2421 0.184352
6642 0.627091
8746 -0.180844
8260 0.220107
93 -0.322933
2725 0.0518967
7713 -0.0668559
3654 0.197368
3273 -0.16535
6487 0.239629
8925 -0.262054
246 0.291535
3610 0.117713
8916 -0.0667558
4978 -0.614059
9734 0.439374
8210 -0.117853
144 0.130901
7089 0.442372
3706 -0.782909
3416 0.7443
8440 0.68177
9706 -0.499924
3196 0.582921
7720 0.314374
2303 0.292544
3000 -0.0512113
1648 -0.419123
6205 -0.333119
7308 0.281565
1165 -0.636157
1791 0.322471
8162 -0.301529
2088 0.462517
8427 -0.860005
7624 0.517711
9209 0.357615
7922 -0.534398
5869 0.0739698
2033 0.804974
5256 -0.237927
3731 -0.347125
8288 0.256081
7210 -0.588317
8818 -0.224866
8355 1.04241
1158 0.181417
9263 0.203268
1070 -0.336695
940 -0.365524
6430 -0.103156
8927 0.391721
1796 -0.66167
37 0.461848
72 0.365534
7406 -0.276031
6094 -0.575818
3388 -0.662408
7799 -0.650483
6809 -0.375316
1739 -0.0690829
1813 0.406816
208 0.419619
2859 -0.182872
5335 -0.339629
3337 -0.190106
7768 -0.466959
5286 -0.407369
3257 0.626954
4102 0.64275
3705 -0.543461
207 -0.0407673
201 0.52979
3536 -0.155751
3961 0.304633
2756 -0.462404
413 -0.335737
4605 1.12581
274 0.541634
877 0.0137306
4338 -0.0746173
5251 0.157059
2986 -0.405393
8138 -0.523919
4582 -0.573885
2210 -1.10729
7550 0.555726
152 -0.365007
2057 -0.579628
4843 -0.691681
3778 -0.224582
1420 0.885469
9389 0.542623
2083 1.03148
7683 0.4652
3220 0.0598959
5905 -0.348787
2489 0.255965
7380 0.203279
3648 -0.658639
8470 -0.227035
5902 -0.0266671
4336 -0.0307321
6213 0.589707
1294 -0.637622
9319 0.332266
1341 -0.589069
3755 0.587158
2148 -0.0768968
9549 -0.291369
1298 -0.250803
1600 0.208102
4777 0.600034
1357 0.161696
3398 0.0630574
6571 0.180645
231 -0.334784
249 -0.596764
1414 -0.146684
9329 0.192313
8966 0.0686079
6437 0.397444
2089 -0.488698
7910 0.594192
7853 -0.174795
1923 -0.454201
4165 -0.0802854
5648 -0.368006
573 0.206821
3686 -0.372499
2616 0.354348
6178 0.311342
2604 -0.464872
3713 -0.992352
5332 -0.375317
1514 -0.0873007
3199 0.188413
3338 -0.21131
4694 -0.572411
3113 -0.706113
2766 -0.713332
5452 -0.325459
1625 -0.0241311
6216 0.317567
1922 -0.256075
9635 -0.256347
7393 -0.218424
8699 0.342953
5545 0.108268
8226 -0.490822
3249 -0.207845
4166 0.891159
1247 0.43704
6735 -0.375464
1620 0.235507
7664 -0.809289
3520 0.176971
7252 0.580029
253 -0.345566
3822 0.286527
1636 -0.390052
54 0.327113
4213 -0.512294
5741 0.0330046
189 1.23377
236 0.993438
3593 0.473313
6500 -0.858304
3871 -0.169964
1591 -0.0250086
5634 0.488081
8291 -0.389818
3235 0.266314
9135 0.820697
4411 0.482089
237 0.032127
4690 -0.790437
6985 -1.15158
1879 0.695009
8189 0.843287
1645 0.238748
7105 -0.282071
4604 0.64472
7088 -0.821103
7911 0.603428
2541 0.179392
5611 -0.351211
8688 0.288306
3958 -0.696589
9979 -0.540634
2350 -0.431101
6800 0.0683893
9783 0.302912
8691 -0.0606903
7294 -0.453278
8191 -0.210782
6040 0.243119
9799 -0.468811
1443 0.292711
9682 0.0221076
9312 0.0849687
4638 -0.27334
5031 0.0366696
6312 -0.223133
2243 0.16879
1642 0.509449
6095 -0.287019
4038 -0.208362
5299 0.0244846
880 0.0803641
267 -0.411533
3150 0.554464
9958 0.650193
1567 -0.924835
9353 -0.472543
2061 0.0147422
1479 -0.231383
6248 0.413969
6034 0.336786
6342 0.753941
7403 0.476096
8240 -0.48777
1916 -0.80668
1897 0.121171
9976 -0.541889
645 -0.448864
1528 0.100725
3746 0.13889
5916 0.577426
1684 0.122967
2734 0.304538
7317 -0.132877
8969 0.25051
6240 -0.0963555
4458 0.033749
798 -0.330463
2755 -0.0107219
1159 0.132666
1385 -0.0939943
8028 -0.171213
4006 0.229036
5291 0.0815389
9044 -0.210808
4003 0.225996
8712 -0.0453921
1596 0.165223
9335 0.413506
1288 -0.000414159
1393 0.82307
8812 0.445316
5856 0.0884389
4479 -0.0918595
3400 0.974227
620 -0.0467923
355 0.224595
9902 -0.283376
8915 -0.287335
4246 -0.222691
525 0.139902
8285 -0.107069
3367 -0.779057
6349 0.0351016
8536 0.0710601
9853 1.25144
3375 -0.444383
7111 0.078521
3551 -0.227855
6255 0.1452
8819 0.423444
9343 -0.172475
8555 0.65437
3368 0.112552
2699 -0.156107
1016 0.16471
3547 -0.211006
1447 1.21686
1099 0.149547
7273 -0.185614
5502 0.295657
3666 -0.0738015
3027 -0.251762
9964 0.293194
2093 0.202783
735 -0.129505
1984 -0.141434
7037 0.266519
2612 0.672575
6507 -0.162586
6961 -0.472683
8851 0.238533
3052 0.516686
2646 0.0741511
7610 0.835131
5456 0.514036
1455 -0.0971538
9106 0.221972
9287 0.967088
4118 -0.276676
58 0.0151838
9401 -0.0423484
5756 -0.213739
7916 0.212964
6483 -0.245662
8775 -0.568598
4049 0.304657
4071 -0.375288
9127 0.360843
1650 -0.0206034
3165 -0.243708
9261 0.164495
3873 0.296751
2085 0.301371
1265 0.31138
7755 1.0757
2689 0.604355
8186 0.247964
6288 0.360185
3935 -0.437548
2809 0.682849
9188 -0.29672
3602 -0.825778
8714 -0.978728
7746 0.381799
5408 0.165987
463 0.0788241
8709 0.740824
1586 0.437783
1438 -0.483467
7968 -0.0981552
1017 -0.368496
7190 0.320669
4691 -0.650636
3204 -0.568956
222 0.0534217
7466 -0.585284
8466 0.0961259
4555 0.264741
4697 -0.177943
3613 -0.159469
1958 0.551087
5281 0.380835
7104 0.269599
9315 0.215735
5001 0.00973576
8429 0.29536
4010 0.0739013
6526 0.0128058
2387 0.0839646
4423 0.526916
1594 0.090626
4109 -0.00285079
9183 0.490053
6124 0.203704
1096 -0.266965
8353 -0.154624
4521 -0.152425
9766 0.643141
760 -0.0216618
9240 -0.12564
4037 -0.579544
1510 -0.200581
5747 -0.0287459
204 0.0578006
1898 0.217681
5431 -0.669783
7398 -0.0245045
3611 -0.515394
7425 -0.041656
6 0.103665
4877 -0.591946
5025 -0.449272
5102 0.450891
9705 0.1897
8108 0.0342702
9613 0.621415
850 -0.493999
5325 -0.146998
1936 -0.404637
4614 0.605801
2233 -0.3179
3753 -0.315374
9092 0.126571
6543 0.315932
219 -0.634466
1080 4.34445e-05
2545 -0.0229516
178 -0.34695
1850 0.199159
5130 0.221503
2032 0.355961
5813 0.417416
165 0.656492
74 0.0242122
4151 0.867464
3059 -0.0417877
7400 0.273423
3185 0.0988117
2839 -0.00223481
2211 -0.025532
2459 -0.0980901
4194 -0.540038
6994 -0.10506
4657 -0.231844
1541 -0.0781549
7795 -0.292364
5024 -1.19561
5723 0.0409734
2384 -0.291361
3029 -0.29215
1653 -0.450155
4333 -0.191665
1727 -0.285235
1467 -0.0781951
7909 0.279762
946 -0.267051
1797 0.148915
3710 -0.233437
4528 -0.128998
4490 -0.592272
5740 -0.0971248
6493 0.186587
6612 -0.577678
633 -0.0855244
2318 0.209857
2665 -0.922317
5934 -0.465231
6882 0.362189
4367 0.715895
7696 -0.296761
7620 -0.0382662
6660 0.295771
688 -0.00768257
4327 0.0622371
8392 0.641431
4810 -0.679592
5085 0.0134036
2695 -0.129789
4141 0.512712
6636 -0.245219
8528 -0.608148
5468 -0.0802982
704 0.323727
6353 -0.915436
7490 -0.818519
1027 -0.178105
8520 0.369231
1853 0.342141
5141 0.756483
3519 -0.242323
3364 0.677576
7756 -0.471146
1697 0.189348
779 0.277301
6152 0.175957
9558 1.79353
8059 -0.222879
7535 0.0663116
7230 -0.329998
9479 0.112307
225 -0.34355
2894 -0.230423
1035 -0.810185
622 0.172399
1282 0.63009
9610 -0.500363
6685 0.339587
7154 -0.58938
238 0.484628
6726 0.478824
979 -0.192335
9050 -0.245459
3003 0.0521372
6289 -0.761271
8778 -0.619281
671 0.300725
3453 0.502447
9648 0.00227302
4888 0.538568
1231 0.240734
8004 0.106747
9033 -0.188918
9082 -0.295714
2619 0.736246
5121 -0.450757
7350 0.226102
9501 0.209668
5225 0.519313
8320 -0.00411377
4752 -0.90742
3515 -0.166127
3603 -0.0706231
1969 0.0131579
7814 0.17421
5316 -0.299076
5351 -0.132225
986 -0.192592
8307 0.225913
9785 -0.028745
9432 -0.242713
733 -0.677648
5818 0.421117
2289 0.23916
9404 -0.530972
5384 0.0841841
5770 0.0904895
5114 -0.230939
5448 -0.0623682
5547 -0.133546
8458 0.213628
426 0.20737
6300 0.3527
7688 -0.258915
5709 0.138628
3821 -0.278293
8027 0.443819
1558 -0.0931534
8615 -0.0400465
6375 -0.371388
9294 -0.241355
5993 -0.269884
75 -0.351502
3962 0.556336
9875 -0.826858
2832 0.222531
8733 0.359847
4772 -0.404789
2454 0.493718
6111 0.892024
5082 0.55335
7167 0.0835422
686 0.0732833
1263 0.469809
673 -0.412263
731 -0.0355062
7906 0.494751
6664 0.216645
5187 0.864136
7525 -0.511237
3325 -0.330553
9403 -0.311637
5039 0.0894609
5973 -0.154556
5364 0.13323
2948 0.575368
4865 -0.24134
49 -0.348651
8476 -0.154176
5822 0.169342
4704 0.0942009
8798 -0.388948
8506 -0.630179
4436 0.315604
8407 -0.155503
5590 0.280676
4812 0.107277
9249 -0.451294
9156 0.0734482
6374 -0.595005
7899 -0.280593
9637 -0.253087
5052 -0.287038
1234 -1.10312
4043 0.152319
2352 -0.103878
6371 0.0833376
9714 0.285498
3186 -0.17907
1800 -0.191699
5446 0.387691
46 0.176235
4781 0.287035
3594 -0.367639
1839 -0.206822
3018 -0.0749606
7716 -1.33372
4302 -0.319735
6956 -0.212058
423 -1.27999
4240 -0.0755754
7577 -0.430028
5563 -0.336578
2418 0.179333
7665 -0.0251156
76 -0.583767
2905 0.124273
9649 0.415905
8856 -0.138334
5036 0.41919
4906 0.371633
676 -0.0527507
9791 -0.156906
3926 0.393651
7334 -0.280042
8835 0.0355406
7663 0.863611
7740 -1.06658
2340 -0.275132
7129 -0.160921
3725 0.759132
2124 0.525551
1560 0.596054
5006 -0.0279483
6519 -0.241356
2793 1.20517
780 -0.104617
814 -0.409728
6706 -0.0910624
8899 0.361919
792 0.496646
5259 0.369872
1198 -0.345915
8567 -0.337885
3698 -0.539454
5816 0.161302
5078 0.27566
7125 -0.304549
8077 -0.662304
9832 0.301578
5915 0.410288
4452 -0.899141
2204 -0.223349
8232 0.853669
6893 0.26096
4029 -0.0553535
8950 -0.740907
8064 -0.0244934
3970 -0.784719
6608 0.10474
5642 -0.576261
1772 0.610161
2119 -0.524269
6694 0.312552
988 -0.569708
3803 0.0200492
9752 0.366307
4981 0.368555
681 -0.074827
8871 -0.234749
2309 -1.44195
9275 -0.278817
82 0.0864228
7481 0.0832268
2966 0.251617
3141 -0.636222
2835 0.391438
587 0.399775
790 -0.564434
9306 0.385994
6433 -0.419824
9014 0.076436
5243 0.605295
8096 0.00241908
7456 0.278607
3770 -0.227485
1572 -0.0638
3912 -0.412271
8662 0.596532
6447 0.0328329
7100 0.631701
337 -0.40645
6320 0.181829
9664 0.643343
1360 -0.375327
5857 -0.708488
9222 0.4118
5179 -0.323988
7276 0.690605
1490 -0.662425
5343 -1.79903
2090 -0.388987
9369 -0.0651692
8175 -0.272528
7718 -0.603693
296 0.511354
881 -0.0251214
3781 -0.432112
4740 -0.453504
5497 0.237152
5978 0.401758
6727 0.140389
3527 0.635857
9852 0.613944
2316 0.650184
657 0.100681
7498 0.121658
2321 -0.101722
9807 0.650722
1436 -0.00125513
5277 -0.0493096
3410 -0.385048
9862 -0.326721
6576 0.686543
7988 -0.275468
8360 0.104895
3737 0.839904
4592 -0.0898527
1235 0.473799
8195 0.454585
4177 -0.815848
7974 -0.305387
6118 0.0416123
8773 0.106745
7996 0.286113
247 -0.194411
9595 0.966446
9129 -0.851515
193 -0.62171
398 -0.616989
9096 0.419002
7702 -0.727658
1361 -0.492497
7118 -0.305689
5643 0.199878
726 0.920733
4814 -0.602543
9492 0.39077
658 0.276117
8941 0.491524
502 0.282998
1808 0.0212127
4960 -0.940166
7924 -0.173017
4422 -0.133364
1202 -0.647289
1401 -0.29504
7842 -0.0298333
1219 -0.058753
6494 -0.872816
5951 0.218976
1513 -0.362285
7254 0.643903
8018 0.862266
2601 -0.172288
8524 -0.210122
3224 -0.213845
2970 0.084031
9888 -0.736995
4350 -0.143781
9696 -0.188111
2496 -0.362537
3542 0.488839
3658 -0.00315178
6452 0.282351
589 -0.127226
3914 0.0930424
7978 0.10812
7936 0.445015
8563 -0.246386
8681 0.814421
6658 0.199604
3153 0.0592727
6562 -0.478046
4889 0.174325
3296 0.920363
4067 -0.122609
392 -0.137607
5160 0.144805
6822 0.142383
4869 -0.158701
4300 0.668562
7830 0.466036
2292 0.785596
7027 0.209493
4719 -0.545512
3759 0.856375
5252 -1.14746
2158 -0.893404
3882 0.653194
669 -0.655358
3384 0.273228
4559 -0.0483887
8100 0.715922
4540 -0.708877
1020 -0.989836
8502 -1.25057
5858 0.556865
9720 0.558904
7006 -0.0105143
2617 0.478061
7529 -0.459542
2096 0.311851
9572 0.518356
8573 -0.347089
9254 -0.326979
9363 0.259771
7012 -0.683022
380 0.278034
5143 0.0835252
3084 -0.0873575
2188 -1.00757
5977 -0.844952
9963 -0.220443
9901 0.435547
9640 0.392893
7508 0.527507
26 -0.29894
9942 1.16632
3625 0.223798
5407 1.5755
9394 -0.778868
9334 0.158196
990 0.137038
7701 0.119944
3111 0.722136
8730 -0.391751
9210 0.775466
2678 0.261518
7040 0.6195
8718 -0.53047
3162 -0.330253
9279 0.484182
6253 -0.778764
899 0.139931
2645 0.23594
9365 -0.479354
6056 0.295888
5339 0.439119
557 -1.65183
2126 -0.684955
3823 0.0220178
6451 -0.0670426
6207 -0.794482
2727 0.841088
2623 -1.07708
9219 0.694221
4174 0.154723
6535 0.239527
9969 0.497112
4359 0.384454
9840 -0.112954
1587 0.60128
2513 -0.844091
5278 -0.259629
5394 -0.960602
4730 0.189816
9800 -0.331605
2108 -0.433455
6937 -0.268888
3397 0.583532
1869 -0.659985
4642 -0.74588
8107 -0.526354
7404 0.700405
1658 -0.0481188
467 -0.427385
90 0.700551
7679 -0.291858
8537 1.06378
4934 0.556292
2884 -0.865641
1752 1.12812
9241 -0.129825
6620 -0.367173
8592 -0.103501
7905 0.125548
6202 0.924398
9177 -0.022093
3251 -1.05635
4711 0.296079
6869 0.903624
6228 0.665688
1276 0.314599
475 0.196055
4594 0.217754
9574 0.282242
230 2.2309
2866 -0.000856593
6856 0.123603
8113 -1.42667
8369 0.578275
6304 -0.366625
1209 -0.671549
9022 -0.862445
6964 -0.725176
2949 0.375383
3307 0.770029
2494 -0.373815
8979 0.266572
6634 -0.0343033
5638 0.739557
3189 0.37751
9869 0.513564
6720 -0.615562
5668 -0.884322
4122 -0.260709
6970 -0.0311736
7860 -0.323896
964 0.495794
3900 -0.423393
2365 0.472056
2446 0.209622
323 -0.337708
3472 -0.617965
7687 -0.422047
1928 0.482816
8530 0.258131
5238 -0.755407
2977 -0.626199
6317 0.381445
3905 0.25057
2209 0.104635
7800 1.04088
9412 -0.595717
8043 -0.0885308
8200 0.271068
7431 0.782779
2973 0.48518
4254 -0.691117
7199 -0.807651
9566 -0.524322
5250 -0.275523
6210 -0.927514
1956 -0.118682
9555 -0.283105
4576 0.230779
7967 -0.141102
2227 0.304097
989 -0.386855
8198 0.361811
4446 -0.871816
2908 -0.276986
95 0.869465
3662 -1.17446
1270 0.687059
8447 0.769092
2435 -1.41078
5012 -0.453797
7128 0.74262
5425 -1.03486
1089 0.329864
4982 -0.324602
6679 -0.359925
9615 0.328092
4702 -0.548457
7336 -0.263292
9330 -0.420766
3342 0.168266
4171 0.875481
4123 1.05642
4393 -0.428764
2290 -0.18854
1780 -0.57165
2075 -0.768728
6286 -1.12198
3724 0.489373
5213 -0.814904
6234 -0.742349
8145 1.01997
5147 -0.134133
9585 1.43179
6793 0.296308
2533 0.655274
6355 -0.431556
5810 -0.174053
1868 0.578136
8042 0.381703
7986 -0.248524
5376 0.366261
1649 0.268425
9311 0.0925837
1444 1.60259
7068 -0.584477
2600 -0.103282
1903 -0.273128
9297 0.685264
8136 0.176504
4745 -0.318578
8216 -0.320498
2424 -0.59537
4096 -0.21102
5409 1.20615
3964 -0.267414
6668 -0.0284803
8873 0.976382
4405 -0.787465
31 -0.221399
3988 0.262872
8465 -0.781902
5675 -0.419216
7460 -0.769846
3883 1.03588
9066 0.171303
2374 0.300329
3716 0.128894
6072 -1.0365
8254 -0.706025
1296 -1.16492
1717 -0.617378
1088 0.905299
4504 0.273706
9340 -0.545671
830 0.398959
2764 0.500569
7954 -0.437214
8674 0.237581
6639 -0.834726
221 1.12395
8859 -0.926403
8847 1.13659
3811 -0.142196
5184 0.808435
6268 0.407233
3352 -1.23795
1358 -0.123231
1155 -0.492991
4094 -0.0462224
4625 -1.10521
4676 1.11837
8415 -0.980309
2785 0.0152966
6973 -0.797275
2869 0.728398
3476 0.366176
9992 -0.842336
8223 1.01157
7283 -1.17258
6931 0.359928
148 -0.261368
8940 1.39436
9441 -0.382489
6777 -0.996912
8503 -1.17447
2203 -0.495455
5023 -0.490862
9673 -1.16173
992 -0.316392
3525 -0.818968
8900 -1.28255
1343 1.20413
1816 -0.463092
5968 -0.593974
6413 -1.03894
9328 -0.594892
8420 -0.186237
7612 0.492776
958 -0.178482
8383 0.632203
8602 -0.511004
7885 -0.641799
6684 -0.348793
2795 -0.561019
5711 -0.352227
786 1.65378
4707 0.0695197
7268 -0.647448
1356 1.32238
1238 0.714476
9383 1.36011
629 -0.976597
3916 -0.0475408
5908 0.0279942
4107 -0.514436
689 0.0751634
2160 0.863762
2724 -0.718217
7940 -0.640544
8484 -0.574915
9409 1.09077
4018 0.740031
8292 -0.908705
2113 0.627008
6815 -0.12517
4972 0.167641
4119 0.637061
7022 0.640389
1255 1.39571
4550 -0.258248
924 0.249078
2225 -1.21181
258 0.262842
9663 -0.651991
7258 -0.474743
7220 0.789054
2264 -1.58404
8116 1.40335
7063 -0.403777
7981 -0.947278
5700 -0.390987
3919 -0.335423
7790 0.540909
486 -1.04862
4251 0.136355
2572 -1.29413
8954 -0.311434
405 -1.00986
795 -0.4794
9526 -0.326893
6661 -0.206468
2888 -0.818478
4224 0.108918
767 0.754073
1437 0.407341
8526 -1.01451
7737 0.241423
7016 -0.14838
3564 -0.843505
1810 0.287822
7888 -0.840277
7109 1.54566
7518 0.926365
5616 -0.677353
3616 -0.517529
7217 -1.00511
107 -0.250329
9039 -0.610306
8846 -0.762125
9589 -1.04688
505 0.437717
1847 0.226259
8362 0.544651
9542 1.45685
706 -1.35188
6409 1.00887
3656 0.391686
3499 -0.237798
8738 -0.0920263
2856 -0.167378
2078 -1.48984
611 0.121102
9393 -0.465718
6538 0.294548
5132 1.13582
6963 0.171435
4100 -0.907548
1979 1.3766
9669 -1.70564
2296 -1.10142
4293 -0.326053
1494 1.29666
2931 -0.560669
80 1.425
5793 -1.30199
7267 1.43529
5582 1.08394
1014 1.58387
6408 -1.55943
5203 -1.17097
6799 0.57219
3968 0.58229
1196 -0.785039
9594 -0.277709
5400 -0.847398
4173 0.048339
9778 0.375945
5055 -0.347226
2060 -0.405787
8922 0.254835
114 -0.118336
4572 -1.03624
8433 0.217969
6930 -0.553325
42 -0.494703
8273 0.0223809
8068 -0.0931948
2133 0.286739
6331 0.171654
214 0.317847
8635 0.087249
5139 0.324627
1574 -0.798579
3004 0.525181
842 -0.315236
4681 -0.186612
9194 -0.403076
6590 -0.162667
7073 -0.507843
6896 0.779607
370 0.53676
3761 0.0952925
2284 -0.621857
2668 -0.113086
2474 -0.475738
4954 -0.0278446
7271 0.345319
9266 1.00559
6270 -0.0494753
7293 0.461562
5543 0.404828
6741 0.432541
6489 -0.40225
1454 0.106772
4987 -0.473188
8155 1.01012
5826 -0.362581
4903 0.442309
1633 0.477681
196 -0.130697
4195 0.441697
2996 -0.412767
6665 0.465025
4000 0.0630768
9841 0.375032
1911 0.177556
8606 -0.0832543
9644 1.22964
8135 0.622181
7436 0.834834
1141 0.496267
6870 -0.209361
950 -0.0185426
5460 0.449405
4402 -0.785491
8073 0.449558
784 0.387822
971 -0.121853
1621 0.00854537
2805 0.0972123
7053 -0.46602
2408 0.41875
3132 -0.678825
5655 -0.350148
3154 -0.212266
2826 0.301438
8377 -0.50663
9834 -0.237435
2722 -0.185018
6337 0.295779
810 -0.435025
2626 -0.323163
3143 -0.762403
203 -0.152935
3785 0.283532
7774 -0.314262
5097 -0.428155
6581 0.406823
5625 0.346354
8825 -0.924829
2399 -0.551237
3952 -0.430839
5573 -0.114052
2582 0.427683
6846 0.0456696
8194 -0.464542
4221 0.315829
1747 -0.09992
5988 -0.171336
8519 0.00270475
7435 -0.443212
2285 0.576348
9951 -0.274659
9950 0.531913
549 0.697205
746 -0.269923
8816 0.591223
299 0.0535513
9489 -0.491442
6547 -0.0965025
9584 -0.619203
5837 -0.0198875
4872 -0.351872
311 0.219581
5928 0.498261
3381 0.494594
1629 0.561483
8749 -0.66195
4746 -0.138431
8393 -0.0589798
4732 -0.322375
4530 -0.183754
857 -0.352171
6781 0.580583
734 -0.00127752
5962 -0.266779
1413 0.189131
4502 0.193239
4673 -0.10518
4778 -0.170625
6989 0.381782
9141 -0.147775
9763 -0.100452
9376 0.387291
7757 -0.0701251
6542 0.318199
742 -0.050504
2492 -0.428465
4373 0.527311
8736 -0.891851
2972 0.0353766
7691 -0.0390238
5106 0.0670424
624 0.259439
6775 -0.609087
3948 0.432341
8651 0.478175
9230 0.0990885
4866 0.43696
2493 0.507413
1229 0.369369
4408 0.898738
679 0.374033
4531 -0.198704
7010 0.494004
6991 1.07353
4899 0.606437
8881 0.233652
5048 -0.60506
3462 1.19372
125 -1.90832
5028 -1.0836
8785 0.0567643
1946 0.180745
3806 -0.315992
6266 0.238193
5144 -0.291414
2223 -0.323285
5043 -0.646085
1554 -0.0516148
5070 -0.751935
2682 -0.452908
2253 -0.0774065
8998 -0.369741
2828 0.249195
301 -0.51015
7659 0.465491
2959 0.355586
8704 -0.40501
4429 -1.16466
5101 -0.0539296
39 -0.183941
4319 0.474094
2094 -0.352452
1373 -0.152733
4980 -2.31044e-05
6759 -1.69824
261 1.05997
1517 -0.667453
1988 0.0438417
6717 1.03971
9285 0.0574239
3696 0.422848
5210 0.193973
8501 0.883478
3502 -0.833601
4222 0.203315
9552 0.0446663
8665 -0.559241
6716 -0.0147091
9598 -0.0818656
962 -0.0294936
8170 -0.395166
1269 -0.469896
1881 -0.498938
5511 0.428342
5804 0.172103
8803 0.802278
9899 0.0821066
1611 0.567985
4851 -0.591989
2853 -1.15615
5053 -0.395608
4909 -0.276785
3369 0.411343
9395 -0.226799
4005 -0.338129
6890 -0.424762
5588 -0.420287
8127 -0.0163442
3538 1.00787
2232 -0.369586
6927 -0.167174
606 0.794506
1464 -1.27885
2018 -0.0961137
8843 0.698151
6475 0.154845
3980 0.220638
4799 -0.396067
8599 -1.68786
4852 0.193443
5931 0.249478
8438 -0.142878
7627 0.500351
594 0.140848
6492 0.606535
4299 -0.976947
6368 0.307624
307 -0.692613
1090 0.795678
8655 0.191309
2607 -0.311191
1456 0.188224
9898 -0.526756
2268 0.519945
6190 -0.839002
3372 -0.579575
3389 -0.207312
4501 -0.41003
2490 -0.308323
2864 0.295869
7994 -0.0394886
9081 -0.26659
6002 -0.721089
3554 0.184366
6292 1.64391
8538 -0.654808
5660 -0.0764144
5013 0.111436
4380 -0.549778
4418 0.227928
3063 -0.309447
452 -0.179539
583 -1.15118
5576 0.741837
7083 1.03611
2945 -0.355616
6495 0.753547
3320 0.631517
6296 -0.258045
7812 0.123762
2552 0.267024
4075 -0.760272
7119 0.549203
6435 -0.562734
5355 -0.756472
839 -0.710732
2406 0.166479
8953 -0.184045
1673 -0.899601
5127 0.910265
7891 0.514013
4342 0.841889
4846 1.30768
2097 0.277155
2980 1.26041
4111 0.478914
7602 0.930742
1458 -0.513426
5607 -0.100321
4558 0.183714
9630 -0.467039
3544 -0.19601
1119 0.0170113
3012 -0.597097
8341 0.0938703
5559 -0.140115
8877 0.0489879
4477 -0.184516
2502 -0.0402681
316 0.0303323
1729 0.212358
5242 -0.274841
1732 -0.342166
140 0.575998
1616 -0.18117
532 0.489666
2907 -0.60802
8734 -0.357924
9371 -0.718701
5041 0.141193
3454 0.0315378
6884 0.282777
3343 1.03768
1876 0.412218
8048 0.118731
6676 0.341431
7391 0.442012
6560 1.02421
6308 -0.500979
3227 -1.4917
4663 0.052267
9798 -0.59475
9687 0.273005
9237 0.145363
6599 0.115767
5704 -0.395942
8947 0.613709
4678 -0.117742
151 -0.599579
3574 -0.213318
6262 -0.466966
5401 0.761515
8128 0.133383
8231 -0.520957
2239 0.512605
23 0.0608078
2147 -0.242539
4747 -0.425408
3578 -0.475728
9463 0.31591
9597 -0.704185
2990 0.268186
647 0.758815
7084 -0.0343393
4897 -0.625799
5140 3.08335
937 0.381547
2453 0.230918
2781 0.948232
6067 0.220022
4574 -0.236116
2630 -1.32088
3277 -0.074161
8147 1.08933
7547 -0.13864
3863 0.479664
6876 -0.351814
4646 -0.636695
8457 0.220136
7472 0.903034
9814 -0.156381
6910 -0.527145
3319 0.232673
6848 0.135828
2170 -0.305896
7182 -0.313796
2423 1.06165
6619 0.0720187
6855 0.152176
3444 0.626253
9668 0.727712
782 -0.550925
444 0.266272
5015 -0.340887
8630 -0.399975
4035 -0.453373
9192 0.147062
2538 -0.515575
3024 -0.180933
6680 0.427521
4456 -0.074487
6737 -0.370786
1489 0.336405
9071 -0.185441
3044 -0.0180489
7533 -0.213304
2187 -1.12478
5245 -0.754448
3918 0.991157
4803 0.685766
5427 0.799224
1615 0.453136
199 0.112408
8838 -0.10972
6780 -0.714001
4082 -0.681119
1886 -0.841652
5738 -0.924327
3674 0.585073
186 0.601229
3898 -1.0042
1197 0.29137
7484 0.540686
8564 0.599595
7281 -0.357572
7749 -0.262449
8978 0.438851
6096 0.00646108
6290 0.291641
4449 -0.139535
7247 -0.54216
279 0.124985
8337 -0.098607
4325 0.504061
3690 -0.299197
534 1.08495
959 -0.399585
9411 -0.617723
6482 0.281592
8160 0.901517
1051 0.0198346
7734 -0.438606
3008 0.342983
512 -0.198331
9747 -0.275368
2080 0.903875
9498 1.11171
1829 -0.531917
1779 -0.824478
8938 -0.232807
928 -1.11436
9726 1.23214
4040 -1.00744
371 -0.543059
1015 -0.220926
7444 -0.0298
8462 -0.695603
4191 -0.292666
8642 0.537956
6133 0.416694
7221 0.297619
2505 -0.595763
4542 -1.21811
1543 0.863747
1622 -0.0661093
7434 0.0946669
4784 0.439272
7615 -1.17631
4547 -0.572088
6712 -0.193964
4896 0.188815
3313 -0.706723
7503 -0.188249
8908 0.477207
8490 -0.0224476
9265 1.2087
4309 0.438454
1138 -0.0877912
2792 0.687949
9495 0.333025
3294 -0.197997
7439 -0.648626
797 -1.21279
1764 0.147658
8556 0.406568
2332 -0.571961
6524 -0.301997
2052 0.135546
678 0.459209
2876 0.430672
5453 -1.40669
2770 -0.141014
5441 -0.494521
4878 0.291993
7588 0.765732
2394 1.18036
3771 -0.213399
3136 0.223428
1963 -0.851673
4510 -0.594185
317 0.042121
150 0.214202
343 0.160862
3545 0.247786
4818 -0.425043
6453 -0.731666
2383 -0.703036
7561 0.335995
7629 -0.472748
6559 -0.567434
6767 -0.562784
5454 0.203641
6797 0.0105001
1899 0.069344
3159 0.493843
6204 -0.331082
7678 0.83618
12 -0.524999
2796 -0.728177
9863 -0.47301
1178 1.03559
3885 -0.601732
3930 0.748196
8488 0.251301
6698 -0.939691
3503 -0.131107
2820 -0.7508
8141 -1.80769
6478 -0.168615
8804 -1.13607
9405 -0.568864
754 -1.27469
2313 0.36901
5757 0.498598
7758 0.602494
349 -0.525477
2178 -0.94209
2701 -0.209284
164 0.910319
288 0.237085
981 -0.301414
4249 -0.782193
6476 1.07276
4497 0.275235
708 1.04554
4101 0.132272
4875 0.322133
9468 0.454854
5807 0.704943
9337 0.421043
8351 0.286947
7686 0.275384
7354 0.743618
2218 0.146118
1379 -0.337322
4257 -0.810044
1694 0.626108
2669 1.19722
3748 0.314287
1599 0.535804
9952 0.857628
1242 0.70859
8481 -0.0807898
7532 0.514949
7296 -0.157527
6082 0.466137
9179 0.099447
9702 -0.382315
1525 0.0099646
7329 -0.0311938
3406 0.967916
5326 -0.476248
8275 0.388356
9385 0.54206
949 0.194967
6277 -0.846168
156 0.0896152
2578 0.159749
3548 0.672575
4596 -0.282926
4761 0.729952
5304 -0.713811
3732 0.0623264
7332 0.381127
9499 -0.147318
1142 -0.630317
802 -0.35634
9235 -0.317463
9974 -0.909029
8552 -1.29659
619 0.10139
9515 0.669299
4280 0.277494
4820 -1.47353
4952 -1.14385
3089 -0.0662928
6891 -0.390986
488 -1.14644
2477 -0.490821
883 -0.424068
8951 -0.217056
2118 -0.483536
3230 0.2174
8645 1.21949
2564 0.231039
1320 0.370568
9930 -0.327559
8548 -0.672166
6214 1.11044
8340 -0.497885
6742 0.566292
1804 0.46188
5288 0.258661
3020 -1.11461
1714 0.313294
4042 0.970529
3769 0.529334
3079 -0.334063
8791 0.531367
5549 -0.027303
1508 -1.60912
1953 -0.766125
5177 0.770114
6239 0.845275
4026 -0.888494
5651 0.901312
377 -1.06811
7661 0.159635
773 -0.179967
5051 0.554656
5555 -1.45574
2749 0.187891
827 0.905096
7101 1.73467
8603 0.382814
2216 0.64474
122 -0.171889
752 -0.0739383
6583 0.166587
4358 -0.878156
9824 -0.842442
9788 -0.229535
588 -0.43702
5948 -1.74744
5100 0.0634209
9711 -0.758201
8866 0.666787
2398 0.272142
9520 -0.715483
5891 -0.141039
8188 0.242773
2784 0.123924
607 -1.13092
7543 0.893771
8154 0.298679
7320 0.0113627
3707 -0.206923
4821 0.623996
6455 -0.999732
2043 -0.645417
3149 -0.209947
1999 0.100397
5219 0.711902
3252 0.781459
6069 0.164699
9351 -0.333264
9046 0.985829
6459 0.258294
1315 0.431545
3495 -0.84969
9347 0.575619
8765 0.5932
8929 -0.567065
9415 -0.209654
6440 1.13075
3344 -1.54999
9449 -0.804225
4468 -0.716579
9359 0.72659
5796 0.318207
4983 -0.233609
9324 -1.04313
248 -0.456351
1407 0.210897
5956 1.12414
8595 -0.653924
1225 0.51392
2808 0.402834
5366 -0.557546
6635 0.144752
6264 -0.355552
5912 -0.378028
111 -1.20869
6865 -0.805739
6486 -2.33292
5237 -1.74432
1217 -0.808018
8244 -0.856903
3290 -0.736033
2202 -1.2257
8238 0.911259
3450 0.366301
443 -0.576654
1955 0.144385
3571 -0.656597
1249 1.33314
9560 1.21788
7471 -0.988852
7212 0.564791
2911 1.24168
431 0.239232
9779 0.72677
6276 0.644338
2666 0.503896
4549 0.074479
7492 -0.862365
4525 -0.665718
308 -0.789333
9538 0.642307
7714 -1.37889
3231 -1.58173
8270 -0.12571
4524 -0.579547
4911 0.746127
7816 -0.319506
2550 1.05482
9146 0.57977
3974 -0.354079
9654 -0.342948
8109 0.790158
705 -1.27998
4205 0.228433
1566 0.677205
4973 -0.256547
1151 -0.58744
4331 1.07889
1118 0.426234
6165 -0.294592
6505 -0.461481
835 -0.166488
2693 -0.615744
2028 0.364257
2794 -0.306726
197 -0.24211
4790 -0.841381
9848 -0.870736
2026 -0.945811
898 0.429268
6900 -0.254339
8858 1.62395
3105 -0.965606
9165 0.496339
3177 -0.723343
6254 0.774671
7426 0.519396
4060 -0.248981
6871 -0.38948
612 -1.33534
2707 -0.758758
1960 -0.419089
5346 1.19623
923 -0.608826
6023 -0.0128394
6673 0.550082
4797 0.715121
8454 1.34752
1417 -0.96292
7639 0.71709
2897 0.34818
2263 0.913698
5328 -0.740773
506 1.26465
2005 0.957322
8196 0.89457
9792 1.289
6760 -0.64318
6902 -0.0911128
8748 -0.589984
2116 -0.334079
4487 1.0306
7074 0.638816
8101 -0.0759197
2779 0.567629
1766 -0.542026
1509 -0.616334
1721 -0.658742
5775 -0.451294
8580 0.60313
772 0.117099
5959 0.861617
4921 -0.484682
2570 0.0615037
4127 -1.00465
9934 -0.657207
3887 -0.140036
2390 -0.972632
3077 -0.547287
8485 -0.437124
4986 -1.76954
6325 0.872777
1185 -0.753518
358 -0.967462
1945 1.2114
1749 -0.89167
8977 0.0403937
800 -1.16507
2654 -0.695944
1211 0.890609
3099 0.588387
6740 -1.60099
5440 0.703879
9586 -0.975105
2347 0.804257
333 -1.18693
6887 1.35706
1819 0.629972
4975 -0.531287
3423 -0.654512
5458 0.954724
6904 0.57313
1563 -0.773948
81 0.778974
7097 0.528262
9769 -1.03002
4918 -0.330873
510 -0.395253
2551 0.378339
2357 0.140435
3745 1.66356
6546 1.13243
108 0.367234
9175 -0.907852
7304 1.19328
7243 -0.513809
300 -1.17359
848 0.883724
5997 -1.16577
9448 1.17934
3754 -0.856519
7870 -0.766757
1570 -1.04077
3238 -0.901697
3401 0.682688
3835 -1.29653
9765 0.965801
9935 0.323906
8893 0.913286
8261 -0.260631
5005 -0.825277
4329 -0.41919
6086 1.54244
6849 0.514469
8634 -0.77886
4186 0.543744
2681 1.50775
5506 -1.10011
4988 0.563708
8317 -0.414577
7540 0.474493
5797 -1.0755
4062 1.10507
9260 0.272586
7617 0.982429
2635 -0.879865
4974 -0.364894
1488 -0.830421
8868 0.595951
4143 -0.151829
5246 -0.0846169
2557 0.93656
4767 0.530719
2997 0.620191
2750 0.369565
4488 -1.09386
9587 -0.356761
5664 1.61495
3456 0.413653
7071 -1.62982
8752 0.409684
9938 -0.465743
3624 0.346392
281 -0.77227
4489 -0.870687
6603 0.433623
427 -0.840981
7407 -0.650468
113 1.19923
6136 0.644013
7614 0.347575
7638 -0.784718
885 -0.921281
5512 1.43385
5538 -0.754659
1424 0.651475
5000 -0.727593
5405 -1.15094
8192 -0.118457
7005 0.776762
9271 0.43533
5870 0.971927
3589 -0.771368
8799 -1.36182
5280 -0.467185
8604 -1.08228
4533 -1.17879
6774 1.37038
9227 0.957409
6153 0.800511
9646 1.77318
4939 0.717354
8797 1.0689
5393 -0.459734
471 0.773146
2901 0.874931
7146 -1.02914
7868 -1.21736
7429 -0.341136
8671 -1.12779
8745 -0.651064
7589 0.761413
1368 0.603425
2483 -0.83682
2463 0.778157
5320 0.171687
19 -0.109844
7313 0.14653
3553 -1.15365
361 1.33067
1575 0.522794
5300 1.62762
6794 -1.64918
2713 -1.25968
4518 1.42751
5851 -0.605218
1954 0.789309
6035 -1.39629
3087 1.29171
445 -0.461741
9846 0.372619
7832 0.725823
6372 -1.32874
4613 0.874047
7681 -0.850486
9925 0.505134
9157 -0.937222
455 -1.01911
2652 -1.36889
8272 1.10846
4910 -0.453173
8701 -1.65378
6448 0.660826
3932 1.25585
8914 -0.572696
4089 0.923586
3534 0.920587
1550 1.20789
7673 -0.924977
7892 -1.226
1306 -0.419201
9581 0.86745
2527 -0.94662
9929 -1.72045
6114 -0.991226
8911 -0.586481
1181 1.79578
4895 -1.87026
8972 -0.69486
4057 0.590367
6049 0.827513
3263 0.714535
6785 -1.21401
1733 0.584884
7844 -0.899713
4465 -0.846882
9145 0.896986
1026 -0.695737
7587 0.859793
3651 1.15189
2378 0.426409
9946 1.4762
5437 -0.31509
3035 -1.30097
9120 1.07311
5089 0.93431
5004 1.45672
7604 -1.31323
1345 -1.15708
7159 0.566373
4573 -1.52197
6527 1.05797
854 1.26293
7921 1.34503
1086 -0.406271
7496 -0.76881
9185 -1.02952
2535 -0.747706
2141 -1.3533
5075 0.878295
5026 1.19652
562 -1.51526
4945 1.55164
9221 -1.64368
5778 1.83165
610 -1.00449
8776 0.196058
2748 1.72733
7947 1.18112
3833 1.13121
1889 -0.827148
6252 0.405513
7984 1.46841
1143 -0.269842
4825 -0.111311
5119 -0.0456671
3641 0.738602
3886 0.520764
2441 -0.031776
2515 0.473037
7032 1.24085
5418 0.280404
4337 1.50399
6426 0.338539
7738 -0.344879
2500 1.85458
1154 -0.342526
4493 1.44823
4020 -1.261
8179 0.36974
8581 -0.219939
8910 1.46643
344 1.23619
832 1.31649
3016 0.204747
3073 -0.321832
7161 -2.27886
5885 1.2113
4455 -0.405793
451 -0.901083
6101 -0.458843
1680 -0.0545685
1318 -0.855188
5270 0.417826
4946 1.04101
7761 0.505293
218 0.833682
5145 -0.606757
2703 -0.64351
3091 0.116517
9006 -0.00750495
6633 -0.0088543
4942 -0.460152
8841 -1.08921
9035 -1.24086
719 -0.369467
5649 0.291482
2718 -1.27146
7245 0.374994
7791 -0.132167
1557 0.457215
7072 0.584503
9026 0.0226003
6503 -0.659338
8596 0.336372
67 0.0670872
1705 -1.06509
6410 0.303679
3870 0.672022
5375 -0.0865874
1102 -0.132439
5532 0.451153
3282 1.76651
1012 -1.34172
8090 0.385121
4052 0.242329
8921 -0.488622
7143 0.725084
1258 -1.7265
2238 0.565307
2065 0.41527
3354 -0.813656
2307 0.623928
1094 1.10384
3497 0.621961
8653 -0.472403
8416 -1.42394
7937 -0.226427
623 0.16561
5412 -0.204784
8715 0.694906
6404 -0.327928
3131 -0.751393
3828 0.880773
8193 0.699141
9131 -0.306278
2125 -0.833901
1943 -1.15031
4328 -0.413957
4158 1.03572
6464 1.37875
7157 0.447628
1005 -2.39461
8324 0.58264
1614 -0.524882
9225 1.11573
6901 0.604355
7751 0.956573
7995 -0.429667
5241 -0.128469
8633 -0.658601
1924 -0.80846
4244 0.184074
2649 -0.926509
1871 0.349233
6000 -0.787757
8118 0.010837
1433 0.786799
9154 0.0896032
7226 0.984465
2639 -0.684034
6305 -0.652018
3687 -0.673201
6858 0.300487
7730 1.95351
2409 1.5078
6692 -0.893245
2151 1.96612
741 1.5844
3074 -0.501268
6109 -0.48755
9375 0.221793
2787 0.955271
16 0.500529
1123 0.916436
8342 -0.585421
44 -0.309506
1223 -0.378476
1369 -0.784681
3127 -0.14278
9605 -0.301318
7697 0.713219
4206 -0.895881
8081 -0.683339
4496 -0.843042
2581 -1.39053
2265 0.643229
1656 0.434953
2059 -1.51379
7011 0.416065
3391 -1.30799
5663 0.441323
5666 0.816038
4450 0.383608
6606 -1.40168
8294 -1.17687
9003 -1.63349
9836 -0.831891
8618 -0.7496
7121 -0.571268
8768 -0.6365
865 0.772439
4723 -0.306497
1706 0.723127
8358 -0.485524
6895 -0.409533
2039 0.320684
6141 -0.818294
8389 -1.27146
3097 -0.892952
5702 -1.12386
3272 -1.95247
2437 0.420793
9632 0.327575
7402 -0.635921
5574 1.62194
6314 0.939617
9098 -0.277691
8293 2.09398
3451 0.913824
7642 -1.00935
1018 -1.68851
666 -1.28064
5341 0.0294748
5068 0.485549
8827 -1.39985
5165 0.905862
5226 -0.112386
6127 0.0883316
77 -0.835915
3 -0.505376
736 -0.231358
9873 -0.17454
514 -0.12637
2928 0.532982
4215 1.15697
1390 -0.997489
1759 1.61048
1551 1.56853
9130 -0.271611
1895 0.170279
1951 1.78066
7137 0.170711
8905 -1.15437
1388 -0.554125
2863 -0.726725
4047 2.07654
3959 -1.92552
4113 -0.123395
8119 -0.866103
3941 -1.21847
6830 -0.0303807
5922 -0.169657
6411 -0.909014
4560 0.0883605
7562 -0.421576
3684 0.270226
3327 -0.668686
8313 0.544263
8650 1.12143
5472 0.677802
7096 0.682599
142 -0.776747
2563 -1.43233
2648 -1.50246
4162 -0.160198
5771 0.388663
8587 0.51832
3768 0.631048
2743 0.245
3708 -1.71618
8381 -0.216608
5679 0.848043
7735 -1.08542
4361 1.95926
5640 0.378842
3868 1.39401
3326 -0.986918
3005 0.186167
9300 -0.492402
9514 -0.274712
7480 0.546798
8298 1.3028
8758 -2.06141
9313 -1.85693
8204 1.1375
3242 -1.60775
5170 -0.0463855
4322 0.643229
9151 0.783891
7973 -0.804225
6017 1.49889
7708 1.57112
4386 1.37749
3723 0.498124
7263 -1.87711
9916 -0.184333
9809 -0.469784
7364 0.708166
7031 2.04023
5428 -0.525306
9627 0.0662164
7195 1.50229
2344 0.469577
5209 -1.26902
574 0.408099
422 1.55782
5855 0.341427
7417 -0.376281
7579 0.687569
8923 -0.432769
7966 -0.428848
7912 1.70586
7769 -1.35522
4387 1.43227
4260 -0.172653
7668 1.55447
2025 -0.911235
2531 1.69286
6540 1.344
6167 0.479272
4718 0.338366
8934 -0.112766
3179 1.03172
4553 1.2005
5539 0.809062
8676 0.721976
7240 -0.40366
6667 -0.784533
166 1.62947
945 0.485777
1644 -0.246067
6463 0.417083
6434 -1.14381
5789 1.59316
6755 1.95875
7024 1.40594
6019 1.62171
6821 1.31682
9086 0.347849
6462 -0.632238
2633 -0.237446
9612 0.433764
6662 0.78754
2684 0.932113
5505 0.419822
891 0.421762
9948 -0.27955
4623 1.11195
1867 1.57851
5188 1.80452
1398 -0.203734
750 -0.561895
7367 2.56415
2679 0.981575
9283 0.67126
9698 0.540988
2987 -0.946338
8737 -0.460891
9815 0.886766
8781 0.42385
4615 -2.32435
1477 0.441636
6385 -0.477067
5098 -1.90105
387 -1.20328
8234 -0.351325
4970 0.593509
4273 -2.27156
4114 -1.37588
7595 -0.157998
8795 1.59531
4938 -0.722615
9379 0.801883
6362 -0.286753
1450 -1.25163
5953 -1.11129
9013 -1.22752
5289 1.44368
7568 1.37371
1230 1.27257
4031 0.795474
6466 -1.01987
1376 0.480777
7291 -1.80768
6641 1.41184
5062 -0.182265
1941 -0.479397
1297 -1.10526
7115 1.35201
7069 -0.846909
4648 -1.43002
1079 0.010544
8741 0.659453
8523 1.29396
3839 1.15055
7251 -1.31014
4447 -1.13514
3514 1.20104
3681 -1.94364
5369 -1.84171
9819 -1.55785
1854 -1.49893
7455 1.15982
6713 -1.04665
4632 2.90011
3491 -1.43643
550 1.58286
9038 -0.711324
1712 1.89182
2252 -1.10116
9986 -0.828788
660 1.25248
5564 -1.52165
3427 0.572844
9945 1.92886
3704 1.36283
2925 0.607852
8588 -1.03176
7454 0.660284
4901 -1.45236
7337 -1.43376
1944 0.424393
4431 -0.379752
9068 -0.704314
2485 -0.769924
3053 0.848015
4391 0.793784
4481 2.66303
9217 -1.63039
1050 -1.4607
4219 0.773733
3683 2.61991
8148 0.133437
1578 2.3701
7279 1.02849
905 2.00071
9871 -1.59484
5835 -2.34136
314 1.43894
2801 0.616468
9132 2.89623
8829 0.168825
6851 -1.07668
5224 -0.13358
1758 1.21144
4606 0.0326943
6232 -0.673913
1246 -0.983755
4454 -0.843084
5800 -2.66365
1841 0.0449732
5473 -1.52112
8787 0.111867
9465 -0.458948
9966 0.938364
7856 -2.01912
3287 -1.27932
9894 -2.36352
4829 -1.93214
3117 0.0983534
7239 -0.801574
4470 -2.24131
977 1.64018
3233 -0.338917
1059 1.48562
5417 1.0792
480 2.21632
264 1.16237
4161 -0.225199
5729 -0.241191
2230 -1.30385
7232 -0.59453
2457 1.97605
2499 -0.445856
3729 -1.13892
1149 0.6453
6966 1.19417
2207 -0.587172
9823 -1.06464
7874 0.445299
2899 1.13083
5071 -0.763677
8350 -1.11877
2181 -0.20162
4993 0.619386
2636 -1.87127
8862 1.53491
245 1.61197
7626 -0.311173
3937 -0.50868
6220 -1.30506
5994 1.33016
2854 -1.07917
1571 0.227183
6275 2.38976
4720 -1.0475
626 -1.69558
490 -2.08201
1057 -0.848285
1565 -0.83572
6811 -1.1729
816 -2.02334
4349 -1.05494
2670 0.836541
1741 3.2629
3331 1.06333
537 0.674099
9887 0.61563
282 -0.459309
5553 1.69507
9599 -1.68833
2598 0.376338
6291 -1.53128
4207 -0.937502
6498 0.92075
1148 -0.913339
1742 1.96632
3950 -1.3809
4546 1.64731
7759 -0.396828
6860 1.83679
9781 -1.14327
9204 2.03495
8323 1.87356
6386 0.951147
220 2.28421
2468 -2.21356
5253 -2.27723
1348 -2.27071
3422 3.00082
9523 -1.74088
4703 2.53398
2400 0.465802
2298 -1.7402
9582 1.75849
2102 -1.68093
8460 -3.30143
6187 1.10672
1043 -0.873855
4420 1.01139
6135 1.33714
6045 -0.637406
5022 -2.22573
5592 1.51967
7152 -1.55069
6883 -1.84337
6497 0.397938
7440 -1.62515
4345 3.73295
4323 -3.13244
4832 1.39711
538 -3.24307
6705 1.07958
9473 -3.49357
933 -1.03592
1478 1.01292
8122 0.608728
1519 0.324017
3827 1.09989
7801 0.787691
3442 1.09341
4061 0.711623
6704 -0.195685
382 1.366
2788 -0.150346
6046 -0.658755
7783 0.417039
6942 0.56963
3812 -0.839108
5694 0.508171
3232 1.14018
255 1.08357
4522 -0.0218841
6378 0.833859
390 -0.57061
7475 0.631515
1708 -1.25585
8030 -0.945417
3101 0.899482
7424 0.772479
1811 -0.259275
2260 -0.346971
4610 0.828066
7606 1.54325
8241 -0.804904
265 -0.528263
1098 -1.02239
9745 0.857429
4649 -1.48435
8284 1.06875
4001 0.128686
2297 0.0872019
5465 -0.848893
9926 -0.829492
2134 -1.37917
9810 -2.29658
9418 -0.460147
6838 -0.0461462
2898 -0.523261
1710 1.06767
823 -1.62543
4022 1.0748
5991 -0.542291
9234 0.711362
6596 -0.632483
9355 0.265597
5839 0.312964
2698 -1.01357
872 0.130617
6817 1.0844
968 0.315132
745 -0.194229
8837 -0.572467
5933 1.07987
5293 -0.513275
1095 -0.775641
7170 -0.228753
5262 -1.27468
9803 0.841197
3747 0.473381
7928 1.60025
2144 -1.30354
4857 0.203811
687 -1.30371
5146 -1.33026
6117 -0.973778
2411 0.850623
6600 -1.3465
4743 1.11666
6683 0.577731
1647 -1.65259
9350 -0.705677
7939 0.936902
8492 2.23679
521 -0.483009
7396 -0.0331072
48 0.546115
3329 0.954102
2991 -1.38563
9233 -0.347045
1243 0.711892
5391 1.21874
5159 -0.906414
29 0.851652
4598 1.53846
560 -0.310742
1855 -0.476367
2627 1.53201
2696 -0.946357
9972 1.82058
6295 0.401089
2813 1.55404
6076 0.447661
7299 0.693947
7207 -1.12312
4149 0.106804
1887 1.91538
5073 0.261824
8057 -1.48497
2255 -0.734285
4334 -0.104852
7953 -0.480912
9173 0.233352
2585 0.889505
9360 1.45612
4401 -0.65175
9327 -1.36222
3128 1.24368
943 1.01475
876 1.08705
1239 1.10333
1975 -1.91731
3396 1.12988
3532 -0.382167
3160 2.08961
2641 0.287557
5601 0.814513
5272 -1.49754
1207 1.11413
3293 0.533216
749 -0.942985
825 -0.380149
4710 2.60922
1081 0.119888
2610 1.46362
8920 0.896112
73 -0.607578
7162 0.640023
1083 1.55802
1882 1.26087
9316 -0.807413
2556 -2.15146
7039 -0.0431008
9292 -1.25929
2821 -0.61663
5138 -1.03576
1281 -1.50193
8661 -0.456681
3418 -0.350224
565 0.545942
3362 -1.07699
5118 -1.19362
5544 0.698259
1278 -0.0326529
9557 -0.105416
7200 1.52821
5192 -1.35889
9629 0.451226
8019 1.25359
1908 -0.810792
4693 1.95043
6644 -0.161672
8647 0.101448
4339 0.795721
8557 -0.938361
2372 -3.65364
2629 0.0916283
4801 0.337823
8640 0.667715
9302 -0.969307
6031 0.528609
3309 -1.37124
1676 1.29986
5360 0.742065
954 0.865198
2376 -0.101511
5692 0.902035
9226 0.559201
8811 -0.641827
7114 2.37748
3195 0.228014
7690 -1.29431
4014 1.22124
5344 1.15106
7971 0.830255
2338 1.01935
4793 -1.1011
546 -0.80159
357 -0.51228
3577 1.52799
4133 0.0972716
3109 -1.10165
9220 -1.3535
3944 0.649535
4229 -1.59506
2852 0.787852
8698 -1.70037
6539 0.406086
938 0.503093
9354 2.30616
4252 0.897705
1277 0.781399
9070 -1.215
8700 -1.28394
6934 1.35953
9592 0.665569
9513 -1.91254
6629 -0.928787
7709 -1.47779
9464 -1.33842
1740 -1.59816
6828 -1.22534
5503 -1.65242
7819 1.50176
2956 -1.31581
9749 0.304052
4714 1.02989
7278 -0.482639
3815 -0.916371
9024 -0.467724
1737 1.65055
62 -0.706164
5974 1.89003
6751 0.363162
5353 1.5398
106 -0.781314
2983 -1.35331
8218 -4.55483
3373 0.482728
33 -0.520218
9190 1.79749
6058 -0.905039
7033 -0.223109
655 -0.55227
7775 -1.55881
8450 1.1977
1140 1.19271
8132 1.38383
1382 -1.45275
8069 -0.384525
9510 1.55356
8993 -2.1329
9110 1.40545
6341 1.93509
1021 2.09297
3890 -1.92169
863 1.30634
2999 -1.19745
1978 1.19025
536 1.15443
4272 -1.14906
1074 1.99454
5091 -0.874551
5185 -2.45351
3742 -1.08933
672 -1.91272
791 1.35771
2283 1.53735
1906 -0.811378
6143 -1.31536
4063 1.39933
5069 2.0031
6044 -1.43658
8021 1.49269
3521 1.93996
513 -1.32968
1536 1.32471
4512 0.552141
6768 1.72076
1339 2.30285
7319 -1.21575
9001 -0.265123
8045 1.45103
1720 -2.25875
9571 -2.57798
2271 -1.76752
7036 3.19093
1065 -4.37097
8370 -0.817968
4236 -2.5336
6258 2.89346
3197 -2.24052
56 1.21214
6484 0.905611
840 2.95586
5205 1.17834
396 -0.30059
8372 0.303761
4985 1.50727
1186 1.58416
7748 1.79161
758 0.578839
8717 -1.11665
5317 -0.0376338
7733 0.523201
1763 1.40208
9755 -1.22103
2055 -0.833752
2231 -1.11318
699 0.122765
1913 0.776239
3262 0.0205309
7991 0.997678
8956 0.0147416
1367 2.61974
567 0.722731
500 0.0773367
5476 -0.240004
462 2.67788
5432 1.07839
2720 2.42409
8399 3.20499
2327 0.260351
6962 -1.16459
2573 0.263671
9732 0.905509
7178 0.770563
8755 2.24794
7042 0.346414
6139 0.397998
5550 -0.86409
5699 1.9124
34 0.76252
9923 -1.96581
2222 0.755919
1327 3.14156
174 -1.23684
5781 -0.524122
9041 0.69069
8335 -1.15855
7387 1.23999
1284 4.14198
4677 1.76525
8516 1.19095
5603 0.716294
7914 -0.250135
7828 1.46131
9170 0.556311
6251 0.316634
1375 -1.90826
7584 0.48176
5336 -1.16746
9224 0.195845
3695 -0.249529
1052 2.01178
3715 0.102801
7183 -0.160308
7062 2.44649
8159 0.118628
4044 0.406205
3280 0.286185
8545 -2.79716
3881 0.60673
2857 0.268988
7023 1.72248
6567 0.685246
9944 0.343924
6400 1.30531
7312 -0.358409
3848 0.546246
7719 1.49939
297 -1.13744
1917 0.656399
9710 -1.29909
7445 -1.13543
3484 -0.268426
2348 0.181101
6149 -1.78722
4069 -0.0861097
1584 0.308017
3949 2.92378
6088 0.198389
1117 2.58848
2705 0.417122
6140 0.792256
7923 0.446338
6125 0.00950642
1163 0.352515
360 1.14494
518 0.438796
9211 0.520125
2760 1.13416
1350 -0.427589
5569 -0.012297
2937 0.903112
7163 1.7128
6651 1.53392
9742 -0.472044
1152 2.33448
2373 -1.24179
4486 -2.93476
7314 -0.886825
8146 -1.71199
9883 0.411736
8087 0.367959
4729 0.778519
376 -1.72831
2691 3.23276
7862 -3.79141
4453 -1.04488
8696 0.331911
930 -0.418464
6237 0.504611
7821 0.529707
925 3.11881
8084 1.59587
9729 0.518724
4893 -0.545302
2370 -0.371756
8412 -0.372062
9932 3.94375
68 1.07831
8694 0.427228
5202 -1.88429
2270 0.370075
9447 -0.192197
5754 0.147476
6748 -1.05968
2590 0.25976
4545 -1.00592
5610 -0.713057
3480 -0.235406
9397 -0.421848
2763 -0.161739
5868 -0.813649
9268 0.757069
6208 0.91758
8047 -2.04224
2932 -0.847499
2381 0.181133
1220 0.587482
4511 0.248964
2412 0.504429
266 0.579524
770 -2.57015
3518 -0.568726
1962 1.62107
1974 1.34015
7463 -0.521674
545 -2.05716
234 1.7183
5957 -1.55602
6903 1.99031
5120 -0.638405
8879 -0.647662
5385 -0.121611
8278 -2.29455
4065 -0.701298
618 1.24467
931 -0.548781
4301 -0.832083
7476 0.640469
3951 0.192765
9115 1.30729
9634 -1.25896
7469 1.24314
9516 0.353478
2844 -0.445969
2341 4.96326
5790 -0.204764
3562 -1.4409
7684 -0.630717
8863 -0.662967
6470 3.20976
5249 -1.44181
1894 -0.18257
4098 1.71733
7817 1.08186
8894 0.285353
4193 0.679232
584 1.90219
7950 -0.812389
4396 0.164881
889 -0.857058
7098 -0.158947
1735 -0.248663
9075 1.59108
7297 0.111993
4199 1.58162
3981 -0.839229
101 -0.942765
1441 2.13378
9822 -0.327728
5894 -4.93632
4871 -1.78324
9922 0.146245
1832 -0.192279
9739 -1.11505
7753 0.116875
2870 -1.78982
5665 -1.41756
5323 0.163799
4281 1.53944
5303 -0.685269
5156 0.336273
3483 0.606443
1355 1.02415
5483 2.2139
7158 -0.0283364
9469 -0.137889
9104 -1.25117
