1572565 869
521 0.0170121
7429 -0.0206576
10234 0.0558001
13833 0.010609
14965 0.00385208
17043 0.0163124
17044 -0.00832782
17045 0.00719257
17050 0.0268704
17056 -0.000377815
18193 -0.00693781
18194 -0.0183568
18195 -0.0161458
18279 -0.0534182
18285 -0.00585416
18297 0.004604
18383 0.00183173
18394 -0.0243792
18557 0.00451483
18578 -0.00287061
19824 -0.0240463
19830 0.0470219
20558 0.0325365
24361 0.010448
25609 -0.0128152
26649 -0.0185709
26650 -0.00242685
26651 -0.0490531
28302 0.0244425
28459 0.0344677
31070 -0.0409809
34283 -0.0293939
34284 0.00603594
40018 -0.0814272
40019 -0.0266882
40645 -0.0100709
40797 -0.022818
40812 0.00661478
42092 0.00742333
42095 -7.22831e-05
46277 0.0225901
46914 0.00321496
49923 -0.163818
49924 -0.0669783
49943 0.0505508
51017 0.0207749
51662 0.0304324
58181 -0.0331616
58213 -0.00374335
58220 -0.0112054
58483 -0.00500074
58485 -0.0243754
58658 -0.00283003
64280 0.0105668
65042 0.09544
65277 -0.00242076
65670 0.00103551
65701 -0.0263371
67595 -0.00889286
67611 0.0366213
69049 0.0197243
70671 -0.0537469
72218 0.0256056
73528 0.00784644
77157 0.002942
77159 -0.0290537
79222 0.00784336
82021 0.00450576
85980 0.000609453
87701 -0.0186199
87702 -0.064876
87767 0.00539017
88595 -0.0299946
88846 -0.034012
88850 -0.0185246
88851 -0.0104042
90260 0.0103986
90857 0.0394053
90873 0.0222582
91656 0.0179368
92279 0.0244632
92288 -0.0333406
92298 0.0432821
100570 -0.0134496
100619 0.00415348
100879 0.0303273
112921 -0.0489887
112922 -0.0417281
113146 0.0381386
114993 -0.0131718
123999 0.0278211
124464 0.0421322
124468 0.0641684
124554 -0.0385984
125748 0.0105521
129561 -0.00570134
130669 0.00453529
130684 0.00733798
137158 0.0127209
138521 -0.00378077
142895 0.0253828
146676 -0.0592774
146679 -0.00276619
146681 -0.000560547
157456 0.0367905
157925 0.0203038
158641 0.00747935
165674 -0.0297979
166275 0.022147
169828 0.065275
184617 0.00825839
187227 0.0119437
188214 -0.00771347
188316 0.00722639
188642 0.0543997
190842 0.0866829
191800 0.029861
191816 0.0313079
192266 -0.00696959
193997 0.0272015
195749 0.0037823
197734 0.059532
197766 -0.00818397
198650 0.00467338
202125 -0.0446874
202128 -0.0599757
202129 -0.0327862
202231 0.00204764
208519 -0.0620834
208528 0.0137196
208709 0.00865226
208710 -0.0423888
208727 0.00483006
210920 0.0332906
215037 0.00899893
215040 0.000297683
217720 0.051125
221595 0.00638291
221998 0.00885652
234700 0.0446902
235372 -0.0016974
235396 0.0409615
236936 0.0206833
236943 -0.0280955
238904 -0.0180811
238911 -0.00567995
239100 -0.0444513
239101 -0.0136269
239104 -0.0147687
239105 -0.0341758
241532 -0.00010253
241997 0.0262247
245207 0.0096951
246979 0.0566972
247000 0.0167532
262297 -0.063325
262431 0.032034
262944 0.00841369
262947 -0.00146048
262954 0.0357938
266201 0.0376877
271465 -0.0450622
271482 0.0237435
271646 -0.0365422
271659 0.0135138
277411 -0.0126244
277613 0.0060838
277637 0.0159967
277649 -0.00329316
277660 0.00526123
278464 -0.00419487
278465 0.0525722
278475 -0.0162917
279072 -0.00914902
279084 -0.0059724
279196 0.0510817
279197 -0.0055025
281469 -0.0279553
281471 0.0436587
281696 0.00411172
281711 -0.0109948
282243 8.52934e-05
282533 0.0435863
285704 0.00846556
285743 0.00304061
291336 -0.00779402
291539 0.025047
305534 0.0262804
305771 0.0342294
305784 -0.0172
306261 0.0442852
311934 0.0288745
315485 -0.0323245
315489 -0.0193926
315500 0.020362
315783 -0.00963143
315793 -0.0100465
316037 0.00970104
321535 -0.00734983
321540 -0.00901205
321738 0.00859116
322933 0.0058671
324271 -0.00579051
324277 0.058783
324957 0.0396417
326032 -0.0136845
326400 0.000261323
333489 -0.0186898
336314 0.0593817
338414 0.00331854
339525 0.0132527
341051 0.0034755
341064 -0.0284906
341388 0.00629182
341399 0.0239209
344142 -0.00250856
345564 0.0519478
345567 0.00936779
348685 0.0216146
349738 0.00621809
349742 -0.0481479
349743 -0.00387657
349898 0.0155597
350497 0.00249722
355457 0.0486872
356544 0.0208481
356567 0.0147698
357038 -0.00918724
357424 0.031085
358484 0.000325895
358489 -0.0277241
361963 0.0164171
364592 -0.0127688
364610 -0.00115008
364820 -0.0180764
365482 -0.0248967
365500 5.50071e-05
365554 0.0147409
366186 0.0419776
367080 0.0203031
367110 -0.00635926
367823 0.00022396
369209 0.0102218
371880 -0.0122694
371884 0.0241002
371903 -0.00467108
372726 0.0159839
372727 0.0202773
372731 -0.0141358
384996 -0.00119661
386283 0.00407912
387456 0.0101496
390247 0.0133621
398913 0.0128671
398914 -0.0188421
398918 -0.00386582
399227 -0.00962627
399242 -0.00984281
399487 -0.00195644
399490 -0.000672113
399491 -0.00714171
400206 -0.0194808
400216 -0.026062
400282 0.00753436
405494 -0.0261419
405737 -0.00413523
405803 0.000538284
407020 0.0411385
410720 0.0217372
410741 -0.0532928
411376 0.0119587
422422 0.00317395
422424 -0.0570193
422778 -0.0034772
423269 0.0435452
423275 -0.00834642
423715 0.0183891
423720 -0.0121303
423722 -0.0696021
423867 0.0512516
428827 0.00299536
442635 0.0195696
455811 0.064556
456885 0.0299951
457271 0.0154157
458771 -0.0515125
458772 -0.0373941
458776 -0.0425928
458832 -0.0144524
459020 -0.00335327
461215 -0.0139326
462013 -0.000759251
463492 -0.0098261
463514 0.0434296
463768 0.0264174
465143 -0.0472136
465144 -0.0128077
465149 -0.0376823
465242 0.0411468
465250 -0.0123758
465693 0.0282164
466001 0.0598266
469755 0.017651
471166 -0.0193957
471170 -0.00188777
471171 0.0169704
471240 0.0226557
471901 -0.0497821
471904 -0.00828388
471905 -0.0671122
471906 -0.0194089
477889 0.0225415
477910 0.0214474
479752 0.0326816
480467 -0.0124702
480471 -0.00411639
480472 0.0185701
482168 -0.0152747
482525 -0.0829345
482527 -0.00385992
482637 0.0100407
482899 0.0488925
483774 0.0306902
484882 0.0431667
486134 -0.00864887
492814 0.0258437
494521 -0.0480218
497573 0.0088308
501423 0.0242151
502154 -0.00415288
504261 0.00118665
504275 -0.00303696
504297 -0.0023737
504482 0.0343885
505437 0.0669243
511222 -0.0213878
511354 -0.00519213
522726 0.00928098
529314 -0.0535748
529317 -0.00785908
541108 -0.00867813
542305 0.0474897
543523 0.0143288
543524 -0.0519309
543525 -0.0026479
543534 -0.00682334
543699 0.0049776
545055 -0.00951221
545516 -0.0421411
545517 -0.0177163
545519 -0.0404899
545582 -0.000271173
564058 -0.0207553
564159 0.00255936
566177 -0.0234238
566178 -0.0538249
566293 -0.02157
566318 0.0191862
567743 0.00370712
568668 0.0026009
568670 -0.00544254
568731 0.0435537
570886 -0.0235181
570889 -0.0190506
579020 0.015007
580762 0.022539
583093 -0.000450695
583094 0.0285412
583102 -0.0485302
583228 0.0166439
583230 0.00932304
593438 -0.0296632
593439 -0.011936
593552 0.00993307
602933 -0.00653789
603383 0.0327526
612489 0.0067692
612614 0.000419344
614462 -0.0351895
614463 -0.000744705
614626 0.0302241
623177 0.00085919
637425 0.00192982
637434 -0.0892405
637939 0.00450114
640642 -0.0012294
640660 0.0438627
640919 -0.0267397
640923 0.0104821
641134 -0.0106942
641135 0.0269019
641475 0.0263472
643126 0.0475989
643208 0.00358258
643592 0.000707231
644726 0.0241133
644834 0.0128945
645107 -0.00334445
646120 -0.0296928
646121 -0.0246852
646221 0.0178498
652155 -0.302286
652156 -0.107247
652159 -0.0112941
652362 -0.00578907
654777 0.0104126
654804 5.24034e-05
655387 0.0364385
655406 0.0147787
659291 0.00177163
660964 -0.0264229
665295 0.000993857
665297 0.0053588
665298 -0.00416621
665887 -0.0437759
665889 0.00202533
668951 0.0107524
671419 0.0381894
671572 0.0235802
676514 0.0328025
676516 -0.013288
676986 0.00954728
678269 0.0385516
681552 0.0164442
682147 0.0155312
682221 -0.00382393
685634 0.00355824
688554 -0.00203128
688567 0.00725642
688813 0.0307656
688828 0.0210117
689482 -0.0231744
728092 -0.000909402
729525 -0.00204715
738150 -0.0174715
738153 0.0555653
738155 -0.0119978
738162 -0.0482162
738800 0.0196451
745861 -0.0109376
745870 0.016707
748818 -0.0303542
749268 -0.00168971
749430 0.00736713
749431 0.0128888
749445 -0.0632406
758621 -0.013953
759422 -0.00185261
759426 0.0147951
759704 0.0383651
759716 0.0248003
759728 -0.00151371
760029 -0.00257282
760283 0.0314695
760297 -0.0370541
760752 0.0574503
760759 0.0257159
760765 -0.0135925
762654 -0.00999712
766036 -0.00899781
770282 0.0185743
772245 -0.0362606
772247 -0.0423773
772252 -0.0083262
772335 -0.020644
772338 -0.0865936
772923 -0.0836832
772925 -0.0363403
772926 -0.0102929
776564 0.0264292
776586 0.0165127
794162 0.00579398
794435 0.0247928
795124 0.00483062
795611 0.00940599
798840 -0.0537619
798856 -0.00751196
802247 0.00395074
802298 -0.00365883
803748 -0.040798
807661 0.0202589
813497 0.0413992
813559 -0.00150198
822481 -0.00259527
822485 0.0103712
830828 -0.0115068
830829 -0.0903573
830830 -0.0966977
830882 0.0332791
832750 0.0497019
832758 -0.0243247
832768 -0.00430872
833070 0.00436572
833758 0.0171212
838420 0.0437594
840110 0.000650967
840884 0.0195544
846450 0.0741133
847029 -0.0455465
849844 0.0100833
849847 -0.00125477
851804 0.000706655
851806 -0.0139122
851809 -0.0205682
854225 -0.0335052
854512 0.0133353
855684 -0.0107168
855688 -0.0155949
855843 -0.0122374
858913 0.00501894
858942 0.0116139
860306 -0.0305545
860320 0.00176211
861020 -0.036314
863526 -0.00746728
863537 0.00303144
865976 -0.00226459
866980 0.0228043
866985 0.00353762
867952 0.0945549
869077 -0.0247208
869559 0.00171531
869560 -0.0291042
869792 -0.000914077
869796 0.0431638
870549 0.0112139
880600 -0.00394873
880602 -0.00392952
880606 0.0070094
880608 -0.000727334
880609 -0.0237979
881929 -0.0217243
881938 0.0703502
894803 0.0237613
896173 0.0155399
896495 0.0208588
899284 0.0459064
901774 -0.00151834
902286 -0.00197608
902305 -0.0249948
902512 -0.0125461
902526 0.0124752
903325 0.0331411
903581 0.00353762
907760 0.024753
908115 -0.00785805
908119 0.0204278
912710 0.000826649
912952 0.0223207
912969 -0.0192559
913726 -0.0237451
914061 0.00546517
914722 -0.0298227
914727 -0.0280474
914934 -0.00372728
920061 0.00448821
920063 -0.0157322
920085 -0.000270376
921960 0.0124576
921967 -0.0193681
926222 -0.000401607
935848 0.0242925
936480 0.00770699
939798 0.0313529
944393 0.0115106
950805 -0.00195655
952050 0.0749983
954214 -0.000714158
954216 -0.00347108
956295 0.000521942
957256 0.0121386
959499 -0.000278616
961412 0.00509428
962443 -0.00108648
964301 0.0138148
965477 0.049159
968301 0.00111473
978554 0.019156
982737 0.0250834
984978 -0.0170874
984980 0.000894794
985722 0.0192329
988562 -0.0365131
996734 -0.00215883
996924 -0.0160784
996932 -0.0194374
997426 -0.0763397
997428 -0.071389
997430 -0.00118956
999979 -0.00638814
999982 -0.00389146
999983 -0.00750297
999986 -0.0190704
1000047 0.00162822
1000075 -0.00218535
1000538 0.029586
1001844 -0.0491936
1002549 -0.0231908
1007549 0.108309
1010466 0.0161403
1015380 0.0945792
1015391 0.00454181
1029410 0.00483613
1029419 0.00660257
1030853 -0.00830439
1031418 -0.0238745
1035342 0.0128373
1035343 -0.0114619
1035345 -0.0259667
1035356 -0.00995964
1035386 0.0391536
1035698 0.0363858
1039640 0.00766401
1039654 0.0200857
1041018 0.0312991
1042970 0.00213678
1045434 0.00416569
1047459 0.00127069
1048801 -0.0619512
1048803 -0.0418455
1048947 0.0231791
1048980 0.00196528
1049892 0.00955652
1054605 0.0131416
1054607 0.00943396
1055009 -0.00373227
1055015 -0.0146851
1055019 0.0010961
1065691 0.00238028
1066231 0.0157625
1074425 -0.0417066
1074457 0.0022995
1076906 0.0232229
1078734 0.0388158
1079504 0.00923096
1079872 0.0248724
1081047 -0.049856
1088927 0.0251856
1090579 0.0287911
1092516 0.000701097
1094973 -0.032496
1095571 0.0974564
1095573 -0.00975025
1112539 0.0103414
1112549 0.0212976
1115370 0.0290086
1118285 0.0134832
1129396 -0.00119008
1129644 0.00312125
1130122 -0.00556199
1130482 0.00731112
1132723 -0.00715625
1132725 -0.0241318
1135900 0.0161662
1136819 0.0145832
1137136 0.0385926
1137157 -0.00812876
1138543 0.0013426
1139140 -0.0186361
1143934 -0.012287
1143935 0.0574963
1144328 -0.0264046
1144361 0.0134088
1144900 -0.0299499
1147730 0.00825537
1150730 0.0340743
1152957 -0.00303109
1164058 -0.011715
1168883 -0.0224503
1174822 -0.0310052
1178227 0.00263939
1179930 0.00348441
1182418 -0.0107285
1182423 -0.0182204
1182516 0.00466087
1186228 -0.0223043
1191561 0.0998857
1192118 -0.0312768
1192119 -0.0437194
1192348 0.0133379
1192361 0.0199777
1192619 0.0178242
1194238 -0.00276134
1194350 -0.00684505
1197889 -0.00576654
1197929 0.00947818
1198265 -0.00996005
1198994 -0.00241492
1198996 -0.0150196
1204094 -0.00336775
1204102 0.0892639
1207952 -0.014207
1208696 0.0303535
1208700 -0.0108533
1214364 -0.0190178
1214372 -0.0265323
1214487 0.0539066
1214515 0.045829
1214719 0.019155
1216543 0.00572224
1216881 0.0526097
1216883 0.0083859
1218257 0.000527241
1224283 0.0487966
1236353 -0.00120704
1236355 0.00077681
1236356 0.0080852
1236357 -0.021279
1236678 0.00230629
1238269 -0.035351
1238583 0.030375
1238584 -0.0380521
1238586 -0.00175468
1240410 0.0014746
1242337 0.00315063
1244412 0.00597711
1244898 -0.0235474
1244902 -0.0277006
1245024 0.0596221
1245350 0.0289037
1247430 -0.0133373
1247565 0.0526737
1257230 0.0109815
1257266 0.0598305
1258474 0.00932092
1258747 0.00353762
1264023 -0.0361535
1265729 0.00971182
1278653 -0.0198021
1278661 0.0163356
1278676 0.037003
1278855 -0.0221565
1278873 0.0154659
1286519 -0.013111
1286520 0.0201203
1286536 -0.0195478
1287012 0.0300606
1289410 -0.00112417
1302803 0.00283892
1304615 -0.0147356
1305631 0.0449429
1305683 0.0299779
1308866 0.078792
1312463 0.0268127
1312492 0.00722639
1313969 0.0610265
1316402 0.00735456
1316857 -0.014158
1318199 0.00920602
1318224 0.00332672
1320711 -0.0071057
1320972 0.00914221
1320977 -0.00206651
1321757 -0.00969389
1322824 0.00506851
1324423 -0.0518953
1324828 0.0292516
1325475 0.00493725
1327112 -0.0168566
1327113 -0.0363375
1327114 -0.0365843
1327203 0.0269854
1327840 -0.0108995
1327845 -0.0367939
1327984 0.0480937
1327999 0.0226155
1328002 -0.0176578
1334753 0.0120469
1336069 -0.00716554
1336787 0.0241267
1339110 0.00722639
1339443 0.0131326
1342085 0.0353907
1347567 0.00201145
1347722 0.0239081
1348979 0.0414674
1357207 -0.0042967
1357208 -0.0299173
1357211 -0.00885465
1366631 -0.00803175
1366632 0.0219302
1366635 0.0499582
1367442 0.0155763
1368095 0.0399384
1372319 -0.000411594
1372720 0.00775054
1372728 0.0151372
1373351 0.0563963
1374981 0.0126212
1375625 -0.0285611
1375627 0.0103332
1375645 -0.0272252
1375780 -0.0119786
1375781 -0.0202621
1375783 -0.0356131
1375874 -0.00278029
1375948 0.00296502
1381597 -0.0698771
1381598 -0.0184389
1381600 -0.0546154
1400925 0.00538461
1402514 -0.00143971
1408758 0.00215543
1408763 0.00404464
1408780 0.0169157
1410181 0.00879546
1410238 0.00205658
1413989 0.0201068
1414746 0.0258467
1416100 0.0586515
1419727 -0.00424619
1419915 -0.00270759
1419917 -0.0140051
1425497 0.0254218
1425503 0.0510931
1425924 0.0644864
1438295 0.0091087
1443770 -0.035813
1443781 0.026053
1443784 0.0281495
1444323 -0.00583618
1463809 -0.0154778
1472723 0.00229989
1478845 0.0437439
1479302 0.0481435
1479317 -0.0171479
1479673 -0.0108992
1479857 0.0199227
1483928 0.00162199
1484096 0.0316986
1484734 -0.0230675
1487915 0.000524641
1488839 0.0207654
1494715 0.0436454
1499672 -0.0095785
1499677 0.0090836
1501339 -0.0070271
1501360 0.0537387
1502053 0.00302977
1505089 0.0606879
1510122 0.0425024
1521418 -0.0267075
1521515 0.0105827
1522617 -0.0100158
1524684 0.0263183
1524705 -0.00295286
1524955 0.00353762
1527539 0.0189286
1536112 -0.0129468
1536115 -0.0459439
1536122 0.035473
1539555 0.00413363
1554615 -0.14305
1554619 -0.0255412
1554622 -0.00231258
1555736 0.0176435
1556641 -0.035778
1556648 0.0153673
1556652 -0.016551
1557204 0.0139939
1558507 0.0215227
1559464 0.0049591
1562159 -0.00264065
1562170 0.00842632
1562326 0.0010987
1562383 -0.00151262
1564031 -0.0178402
1565522 0.00277895
1570199 -0.00832195
