1572275 463
511339 0.000955744
316028 -0.000571719
763500 -0.00118348
315489 -0.00174855
193986 -0.00272164
324167 -0.00329155
146308 0.00522409
593552 0.00774673
209855 0.00977138
146766 0.00646322
678325 0.0100092
1002552 -0.00739697
1531556 0.00490252
458771 -0.00625032
521554 0.00658825
1484709 0.0155692
817641 0.0157138
913583 -0.00712671
157925 0.00248122
123053 -0.00666515
1164456 -0.00510133
665917 0.00066163
760758 -0.0216129
333821 0.0153769
1419311 -0.00108956
399487 -0.000292151
79230 0.0341988
966860 0.0127408
1502781 -0.0163617
138819 0.0107011
1115397 0.0221378
1093317 -0.014167
1304606 0.00409773
305542 0.00908684
52577 0.00504781
545519 -0.0182499
1499677 0.0179387
1436792 0.0277534
935859 -0.0182054
462013 -0.0258957
120278 0.0376738
353667 -0.0180874
1491594 -0.0229958
803071 0.0313605
291321 -0.0173121
306261 0.00578445
384996 -0.0208818
1564018 0.0180954
1081047 -0.0200571
770296 0.00839801
193993 0.0334187
411370 0.0438414
974891 0.0258682
1372728 -0.0487736
18198 -0.0171895
997427 -0.0461562
1030861 0.0588402
1135189 -0.025178
165680 -0.0106519
521 0.0104843
1457404 0.00296339
772994 0.0220419
749445 -0.0602988
300959 -0.0372685
794478 0.0428701
1030853 -0.00964878
18279 -0.0307115
913585 0.0308411
471165 0.0509008
1528951 0.0563942
1510122 0.0153531
654760 -0.0573758
570983 -0.0381598
458832 -0.031073
1444325 -0.00184767
1244898 -0.0223066
665901 -0.0188249
371880 -0.0218862
1082834 0.0543567
494521 -0.00709839
1339035 0.0299375
1207553 -0.00674204
682101 0.0432961
974901 0.00695168
997430 -0.0167493
521563 0.0385412
640931 0.0478826
58184 -0.0187883
332904 0.0718843
428827 0.0706131
34283 -0.0469889
816200 -0.031385
1502053 0.0150579
1522818 0.0403292
130192 0.0733951
1278676 0.0316221
925503 -0.0466486
1487903 0.032546
1524695 0.0810921
78790 -0.0122505
1375628 0.0081734
1135947 -0.027996
1000564 -0.00864615
676511 -0.0389178
1164454 0.0601917
112921 -0.0191061
912703 -0.0683421
542295 0.0475998
492791 0.0667016
515776 0.0311365
778725 0.0277552
922171 0.0615005
322954 0.0107494
603375 0.0674102
235396 0.00264385
349898 0.0425265
759426 0.0236648
1049446 0.0357856
896449 0.0892102
996582 0.0313142
138793 -0.0330117
588702 0.0490378
996580 -0.0147574
407043 -0.0503974
1322844 0.017314
7428 0.00249848
236936 0.0815856
28254 -0.0162962
465682 -0.0152956
821069 -0.00597794
908892 0.0633276
303886 0.0561429
689571 0.0943328
455795 0.0959083
807783 0.0530633
202281 0.0801675
762778 0.0298377
513402 0.034524
1336070 -0.0390962
914722 -0.0466587
950827 -0.0372726
262944 0.00429418
543165 0.00996075
1336074 -0.0341013
344143 0.0112977
371922 0.0732858
847222 -0.0408966
1372322 -0.0148991
869077 -0.0591659
1479847 0.160989
14985 0.0137395
545601 0.0451858
239100 -0.00683881
1178242 -0.0398787
1243259 -0.0439009
271465 -0.0371636
1214372 -0.0173585
322959 0.0170015
1375129 -0.0268469
968339 0.0632443
40017 -0.0106488
1564031 -0.0593926
65042 0.0434977
262431 0.100207
1374982 -0.0575252
192286 -0.0571123
341498 0.0977716
912689 -0.0265614
1413963 0.0296826
1274415 0.11999
324027 -0.026947
1555147 -0.0549841
364610 0.0540788
1001844 -0.00572569
312019 0.047032
364591 0.0373543
1367445 0.144285
869796 0.0733783
1239291 0.0320459
1065698 -0.0482602
645581 0.0574396
964827 0.20237
372728 -0.0286655
956307 0.033413
869080 0.00476056
1402505 0.119577
880757 0.023842
463724 0.0294307
637421 0.0136787
1342837 0.101724
795124 0.05174
999981 -0.0643676
1214370 0.0160945
907784 -0.0595334
334992 0.0349591
1257252 0.0347623
18196 0.058142
908918 0.0223566
1256471 -0.0133504
652468 0.0437622
697081 0.0526066
482525 -0.0159046
494518 -0.0310932
847243 0.0552926
1162686 0.0262094
465248 0.0177051
241963 -0.025937
471905 -0.01549
1093525 0.0427959
357424 0.0475406
1368095 0.0474612
678256 -0.0585174
1556641 -0.00478244
570887 -0.0152918
279196 0.0587903
301390 0.0483434
193997 0.004757
305771 0.0279939
821048 0.100438
133177 -0.0529866
1116692 0.0240723
1000057 0.100267
18283 0.047101
241942 0.0389095
645595 0.0179885
1092524 -0.0866388
1464127 0.010833
371882 -0.0563901
69047 -0.0684403
1491626 0.0616539
1047822 -0.0758156
484 -0.0443549
1048801 -0.0900346
676509 0.0439342
332886 -0.0717015
262297 -0.0803913
482637 0.0490691
1325475 0.0320842
1499174 -0.0564469
768965 0.0777027
890904 0.0930268
504482 0.0443478
867952 0.0553451
807776 0.0433014
1122061 -0.0161202
1286520 0.0406366
984973 0.00637219
49924 -0.0321479
1375130 0.00826238
665887 -0.0631828
301774 -0.0332634
192265 -0.0441365
612614 0.105688
1002550 -0.0770797
324171 -0.056996
912969 -0.0584522
423722 -0.0553586
1216883 -0.0968771
999983 -0.0146976
860402 0.0297072
1374990 0.0243269
920250 -0.0576451
361940 0.0910739
1080750 0.0356323
1265732 0.0735279
471966 0.0673222
49927 -0.00342244
1247566 0.0181015
1327840 -0.0308447
1144900 -0.0955868
772338 -0.0182533
866980 0.0529947
1570199 -0.00782336
1410181 0.0378274
303883 -0.0393627
484869 0.071866
506137 0.0387644
341399 0.0822351
91663 0.0443895
854512 0.0469987
772485 0.0433125
1313944 0.0892147
899487 0.0605531
1243251 0.0432083
1248798 0.0790709
762784 -0.0863117
340438 0.0574896
1435926 0.0343598
208519 -0.0574588
1425517 -0.066785
593438 -0.0313879
1313762 0.0181187
440790 -0.124409
1408784 0.0180044
157859 0.0807002
399227 -0.0288851
1079850 -0.0659362
1080716 -0.0961808
411374 -0.00492422
758603 -0.0560448
601856 0.0577752
405482 -0.110748
1178227 0.031524
1324423 -0.0642963
1521413 0.0385909
855688 -0.0404433
818450 0.134977
982737 0.093015
324277 0.121864
802247 0.0476721
357202 -0.0474169
129582 0.0188305
90575 -0.0623762
772335 -0.0232695
1048803 -0.0871728
1041502 0.0245831
1479905 0.142516
988561 -0.0240087
894502 -0.108025
483727 0.0837538
749275 0.0289434
896192 0.0991889
1065691 0.00174328
687360 0.0849576
59345 0.268518
458772 -0.0675391
1164060 0.0987359
652796 0.0402395
389887 0.0842021
1015380 0.0365991
500346 0.0962868
389991 0.0739606
651981 -0.0661997
652798 -0.0160912
1463809 -0.0595616
1236356 -0.0548914
1206480 0.0238435
492799 -0.102977
1143923 -0.0420148
343754 -0.0206153
1152672 0.0232634
353717 0.0208856
935848 0.118372
602931 -0.0975563
1129396 -0.0858279
1238594 -0.0518293
1214364 -0.0144784
545517 -0.0284946
1201255 0.0527639
1178270 0.0325274
361939 0.168265
77159 -0.0371966
367090 -0.0458932
1143933 0.066715
282533 0.0761189
614462 -0.0378139
1289449 0.0334673
1414746 0.0531134
645098 0.0221246
202128 -0.0846666
1167483 -0.0566466
157432 0.0643443
1304615 -0.0750639
913716 -0.0698677
1348981 -0.269868
18384 -0.0429941
371896 0.0853918
58664 0.0380246
830829 -0.0609587
912952 0.0790644
1479302 0.0152963
208528 0.0525664
1425497 0.0891448
803047 0.0839135
326400 0.0441186
440775 0.0312987
728110 0.0573431
772925 -0.0271537
1201252 0.108759
18282 -0.0703474
866035 0.146171
1048137 0.0691884
914727 -0.0186389
1554615 -0.0276603
1381600 -0.103608
1169181 0.0254981
802250 0.0249708
1536115 -0.0838112
566178 -0.0421121
855783 0.0448506
803746 -0.138205
1136819 0.0364629
422188 0.0545315
907760 0.0100398
40018 -0.0147898
462024 0.0428065
1312433 0.0785139
1135900 0.112584
146677 -0.0269655
247000 0.252006
1094968 -0.136652
1375783 -0.103587
652156 -0.603471
869792 -0.283054
897970 0.23259
1049892 0.0797438
996734 -0.125739
24364 0.22621
349889 0.102563
85187 0.0395283
471901 -0.0838942
471166 -0.0133463
1300731 0.0666342
407020 0.0191038
188642 0.0349243
851809 -0.0111022
854220 -0.119282
1408780 0.0967403
1000538 0.194023
671419 0.0658156
365482 -0.0541709
505437 0.136088
644723 -0.0828101
1039640 0.0264703
1048952 0.0483893
65670 0.0839435
1065683 0.0310417
1443770 -0.0366155
1194327 0.0437194
1308866 0.0942026
794170 -0.00310536
1316392 0.0490423
466012 0.175917
1095571 0.0548564
49923 -0.100143
234700 0.0201255
422415 -0.0361709
640660 0.0792074
832750 0.0510648
665889 0.0269584
465144 -0.0371895
772245 -0.0680855
386300 0.0770393
348662 0.123717
1539555 0.152346
749270 -0.0330926
124468 0.17195
88846 -0.101411
371884 0.0462188
349742 -0.11719
939798 0.0747015
1556862 0.11008
1336787 0.0742238
593439 -0.0151573
830830 -0.147956
398913 0.166471
997428 -0.0500732
190842 0.0434579
18195 -0.0713483
1375781 -0.0540515
1118283 0.0654981
26649 -0.0448887
652155 -0.772475
