iter obj
0 0.5
5 0.5
10 0.5
15 0.028273512594169759
20 0.019474062190019722
25 0.018859425468826605
30 0.018723945411062343
35 0.018663956176283379
40 0.018659849246502932
45 0.018607069158911336
50 0.018589304451562361
55 0.01857995287209635
60 0.018564532875424176
65 0.018566761149679013
70 0.018554364505106648
75 0.018545593138467462
80 0.018540767708729547
85 0.018538554781506775
90 0.018534956615108622
95 0.01853698090155163
100 0.018532056171219211
105 0.018531333441414784
110 0.018529185724713144
115 0.018527595653975222
120 0.018526715071294754
125 0.018526768053452127
130 0.018525495107273433
135 0.018526204404763363
140 0.018524442732682365
145 0.018524040680789996
150 0.018524107822604309
155 0.018524880542637935
160 0.018523978708475268
165 0.018523329768274286
170 0.018523287171349902
175 0.01852328701677183
180 0.018523008628754251
185 0.01852339783157304
190 0.01852284538052628
195 0.018522846250873908
200 0.0185239210323059
205 0.018522668049549551
210 0.018522642855564025
215 0.018522607570477554
220 0.018522567337768733
225 0.018522538754132761
230 0.018522539560505237
235 0.018522541551624524
240 0.018522520454347411
245 0.018522584531658642
250 0.018522706150190135
255 0.018522499792512762
260 0.018522549345222086
265 0.01852269543302331
270 0.018522503008438069
275 0.018522506695885965
280 0.018522476595279225
285 0.018522473268582831
290 0.018522479449434474
295 0.018522579912157999
300 0.018522481230155267
305 0.018522472520753463
310 0.018522472384333664
315 0.01852246220417492
320 0.018522456369540995
325 0.018522453270939359
330 0.018522451437390643
335 0.018522449728210162
340 0.018522478536713603
345 0.018522468509229988
350 0.01852244765504377
355 0.018522449230352338
360 0.018522459652686951
365 0.01852244811203374
370 0.018522463847449336
375 0.018522482736320768
380 0.018522447650110546
385 0.018522451106183575
390 0.018522446524812362
395 0.018522443079629566
400 0.018522443962674124
405 0.018522443933557502
410 0.018522439704038357
415 0.018522446054269205
420 0.018522439533979924
425 0.018522448689778488
430 0.018522440645288882
435 0.01852244051808612
440 0.018522439236688702
445 0.018522439479455546
450 0.01852244221918847
455 0.018522439773189521
460 0.018522440653091072
465 0.018522439518645937
470 0.018522439425502326
475 0.018522439249037931
480 0.018522441074903091
485 0.018522439969261627
490 0.018522440065540768
495 0.018522439263061328
500 0.018522439360061503
505 0.018522440177776017
510 0.01852243910188241
515 0.018522439833031874
520 0.01852243911788708
525 0.018522439151112395
530 0.018522439287909843
535 0.018522439394686722
540 0.018522439204045494
545 0.01852243954810176
550 0.018522439591556954
555 0.018522439103437895
560 0.018522439110041346
565 0.018522439308418168
570 0.018522439104153944
575 0.018522439117844486
580 0.018522439134450914
585 0.018522439256872202
590 0.018522439103171862
595 0.018522439217731303
600 0.018522439221800361
605 0.018522439185211247
610 0.01852243911241333
615 0.018522439095552536
620 0.018522439174611369
625 0.01852243910059027
630 0.018522439098871975
635 0.018522439149777557
640 0.018522439143183852
645 0.01852243910607736
650 0.018522439098991931
655 0.018522439094166555
660 0.01852243909787088
665 0.018522439092566432
670 0.018522439097154206
675 0.01852243912928634
680 0.018522439095097078
685 0.018522439108181684
690 0.018522439094490993
695 0.018522439092578346
700 0.018522439108846642
705 0.018522439092167171
710 0.018522439092526384
715 0.018522439112771859
720 0.018522439093958697
725 0.018522439092568323
730 0.018522439092017104
735 0.018522439096897769
740 0.018522439094236742
745 0.018522439094497627
750 0.018522439092065544
755 0.01852243909478395
760 0.018522439099699972
765 0.018522439091913409
770 0.018522439094745106
775 0.018522439092613471
780 0.018522439092193397
785 0.018522439091863879
790 0.018522439091798553
795 0.018522439093834175
800 0.018522439091713663
805 0.0185224390917361
810 0.018522439092878668
815 0.018522439091948086
820 0.018522439093032108
825 0.018522439092551461
830 0.018522439092040502
835 0.018522439092014915
840 0.018522439092358556
845 0.01852243909170162
850 0.018522439093322768
855 0.018522439091961405
860 0.018522439091786493
865 0.018522439092270738
870 0.018522439092306317
875 0.018522439091693207
880 0.018522439091671426
885 0.018522439091671422
890 0.018522439091651913
895 0.018522439093338169
900 0.01852243909195115
905 0.018522439091855632
910 0.018522439091903063
915 0.018522439091649689
920 0.018522439091662613
925 0.018522439091648926
930 0.018522439091645231
935 0.018522439091804063
940 0.018522439091818287
945 0.018522439091756094
950 0.018522439091654578
955 0.018522439091693512
960 0.01852243909167
965 0.018522439091640346
970 0.018522439091688474
975 0.01852243909164028
980 0.018522439091646272
985 0.018522439091641776
990 0.018522439091661118
995 0.018522439091652892
