iter obj
0 0.034850669913476337
1 0.042241004574953521
2 0.03933119620350805
3 0.03606396627112908
4 0.0332325786046321
5 0.030632328509628892
6 0.029180571226556297
7 0.028066352802391059
8 0.027045211934465012
9 0.025837237594502384
10 0.025215747926710306
11 0.024495108438282343
12 0.023786490233701111
13 0.023344626041958267
14 0.022947642841295381
15 0.022359600908746148
16 0.022156287250586295
17 0.021813031416127858
18 0.021616631962944652
19 0.021542367338053696
20 0.021317705480900524
21 0.021291650583779128
22 0.021129892264162415
23 0.020904084955532563
24 0.02073887545409888
25 0.020762171329765152
26 0.020459611294332703
27 0.020381962557513188
28 0.02032501910417972
29 0.020360696220564776
30 0.020170849998550535
31 0.020043882277332576
32 0.019959581242402966
33 0.019885647604021284
34 0.019783108989322094
35 0.019673651870364121
36 0.019610442258405528
37 0.019561295630869294
38 0.019430132242422918
39 0.01939532369020032
40 0.019395545075280945
41 0.019301367008002814
42 0.019236810694014925
43 0.019177274203105551
44 0.019114583283261245
45 0.019091538032987347
46 0.019078520256770252
47 0.019034672695230796
48 0.018999025384171614
49 0.019046319341322761
50 0.018922181100633376
51 0.018888443704042936
52 0.018881506189474411
53 0.018849582302124579
54 0.018862828119601441
55 0.018835043869325139
56 0.018811810949166247
57 0.018770173589240467
58 0.018756851372265043
59 0.01875616881146995
60 0.018778421787675185
61 0.018736912347853633
62 0.018723899385416784
63 0.018708025902587733
64 0.018703260489652498
65 0.018718633168421952
66 0.018681076126592842
67 0.018691831475862807
68 0.018659126980748311
69 0.018657696440614251
70 0.018653231473865373
71 0.01863780608555398
72 0.018640052941753322
73 0.018644777669410688
74 0.018615271186776135
75 0.018637327681547838
76 0.018621482357817392
77 0.018652042238445025
78 0.018617756322717092
79 0.018625149662341189
80 0.018594867285894177
81 0.018606412710995092
82 0.018583217034106043
83 0.018622064747459192
84 0.018603920802431981
85 0.018580649084933953
86 0.018579840604374991
87 0.018576033751780886
88 0.018594070552994328
89 0.018574063799394348
90 0.018567876056523675
91 0.018568221849710822
92 0.018572047416670127
93 0.018569813286386978
94 0.018574318919142796
95 0.018574367778289181
96 0.018560593536614843
97 0.018557368445135728
98 0.018554455143569008
99 0.018559412891882465
100 0.018559756741408352
101 0.018551302150944655
102 0.018579474058585652
103 0.018560371709159331
104 0.018549765779473391
105 0.018548447642008747
106 0.018548110259729397
107 0.01854950916823879
108 0.01854725513871007
109 0.018547213895081252
110 0.018543248589712163
111 0.018542935898052115
112 0.018542407945127615
113 0.018545799463239327
114 0.018541953354189643
115 0.018544057204769905
116 0.01854583983509658
117 0.01854121162088718
118 0.018539592599557814
119 0.018539579848611449
120 0.018543047903926059
121 0.018537379734644543
122 0.018538287667503331
123 0.018535088006803525
124 0.018536437825866909
125 0.018538275670361558
126 0.018537667122743885
127 0.018535376350877503
128 0.018539517071869564
129 0.018536756303195623
130 0.018533247542826366
131 0.018533976121965553
132 0.018533598974496687
133 0.018534584696107442
134 0.018534949896611974
135 0.018532437175444071
136 0.018532043346259266
137 0.018532418079376046
138 0.01853223870790827
139 0.018531114703497675
140 0.018530663954669919
141 0.018531332891424817
142 0.018530806247968105
143 0.018529844107255413
144 0.018530203013054084
145 0.018530584215684046
146 0.018529163308292681
147 0.018529668474946494
148 0.01852869580191242
149 0.018528433078976829
150 0.018529708467300322
151 0.018529149773680965
152 0.018527760796442288
153 0.018528033002207654
154 0.018527325449107155
155 0.01852745713083637
156 0.018529720056440251
157 0.018528755856893581
158 0.018526998011606902
159 0.018526449418758126
160 0.018528215067565065
161 0.018526179932814989
162 0.018527819628831186
163 0.01852638867824551
164 0.01852718560845806
165 0.018527225584434301
166 0.018526345238815925
167 0.018525826692414184
168 0.018525729381425358
169 0.018527665223229375
170 0.018525506243844945
171 0.018525014645584575
172 0.018525117434034202
173 0.018525366389823744
174 0.018527401757863916
175 0.018524740955466627
176 0.018524673507625825
177 0.018525680591447977
178 0.018524376367182724
179 0.01852571338794156
180 0.018524435165178134
181 0.018525396406054023
182 0.018524229722168876
183 0.018524115105812693
184 0.018525108778116802
185 0.018524199131632328
186 0.018524445497936658
187 0.018524629166734908
188 0.018523821076012512
189 0.018524810166060834
190 0.018524442776083349
191 0.018523762305372234
192 0.018523765244785519
193 0.018523812142245404
194 0.01852355092513934
195 0.018526231504750256
196 0.018523587865944591
197 0.0185236334564086
198 0.018524702000608084
199 0.018523574169342565
200 0.018523557805476959
201 0.018523727005577688
202 0.018523462825046126
203 0.018523564653741643
204 0.018523756907466452
205 0.018523707453036085
206 0.018523623901205124
207 0.018523393131303651
208 0.018524152161343652
209 0.018523786409286067
210 0.018523410469992008
211 0.018523275711459595
212 0.018523277477676341
213 0.018523123646789354
214 0.018523108901459792
215 0.018523545155092098
216 0.018522996576082008
217 0.018523423568125249
218 0.018523026258292843
219 0.018523023879229595
220 0.018522990246032732
221 0.018523095027222387
222 0.018523447095122225
223 0.018522907118269871
224 0.018522965775515706
225 0.018523174968261689
226 0.018522899915218882
227 0.018523099601257656
228 0.018523024278601842
229 0.018522935532468449
230 0.018522811058644617
231 0.018523493603747394
232 0.018522794257790298
233 0.018523127834359849
234 0.018522824032286795
235 0.018522869136136377
236 0.018522776963862956
237 0.018522720016301977
238 0.018522748332269218
239 0.018522726569021274
240 0.018522687778505176
241 0.018522953456350886
242 0.018522655669106866
243 0.018523022088029251
244 0.018522698916813116
245 0.018523000294452061
246 0.018522798893126489
247 0.018522859735078088
248 0.018522838056378513
249 0.018522961309348236
250 0.018522621033720252
251 0.018522849947160577
252 0.018522652104431377
253 0.018522606926553171
254 0.018522607039641099
255 0.018523155666797034
256 0.018522630645977377
257 0.018522698165222406
258 0.018522712334072752
259 0.018522625804075727
260 0.018522571027503851
261 0.018522704638728002
262 0.018522619048985878
263 0.018522596744135207
264 0.018522573784915956
265 0.01852258829199651
266 0.018522549362527427
267 0.018522561128234666
268 0.018522618702347747
269 0.0185225635874126
270 0.018522543597739992
271 0.018522532764460486
272 0.018522546597205664
273 0.018522546797956497
274 0.018522530677684595
275 0.018522524550301154
276 0.018522536530394672
277 0.018522522498745721
278 0.018522533994991951
279 0.018522691029979207
280 0.01852252884779958
281 0.018522521410299989
282 0.018522549372812447
283 0.018522502732896164
284 0.018522645845421636
285 0.018522537682714606
286 0.018522522198242804
287 0.018522512927364811
288 0.01852252018482814
289 0.018522522279239027
290 0.018522491313454396
291 0.018522674262744454
292 0.018522491288804808
293 0.018522517327409001
294 0.018522568956945273
295 0.018522490187634039
296 0.018522539360789854
297 0.018522500441434331
298 0.018522514578308037
299 0.018522520842175299
300 0.018522545303068863
301 0.01852248636966531
302 0.018522491331495843
303 0.018522488969699144
304 0.018522483985757357
305 0.018522485173688132
306 0.018522518625886927
307 0.018522603809757277
308 0.018522540289860827
309 0.018522515847052546
310 0.018522571036925239
311 0.018522483538386376
312 0.018522470835306521
313 0.018522604188586676
314 0.018522568674247088
315 0.01852254707514342
316 0.01852246841072951
317 0.018522466752272357
318 0.018522489005449557
319 0.018522579101730937
320 0.018522465853935716
321 0.018522479066431341
322 0.018522464763454757
323 0.018522470873334657
324 0.018522519772368649
325 0.018522463297807573
326 0.018522493500348132
327 0.018522502134018681
328 0.018522533497647653
329 0.018522461893437796
330 0.018522526818538478
331 0.018522459224222021
332 0.01852247250294391
333 0.018522465030880592
334 0.01852246253798806
335 0.018522470905279684
336 0.018522462588461262
337 0.018522502062859162
338 0.018522520039785915
339 0.018522456907881457
340 0.018522462494307421
341 0.018522485206784612
342 0.018522456004674896
343 0.018522468251557799
344 0.018522492638954835
345 0.018522456779257662
346 0.018522523999669162
347 0.01852246710604229
348 0.018522456191813395
349 0.01852246191974919
350 0.018522469361806418
351 0.018522483435545765
352 0.01852245550397864
353 0.018522454382485523
354 0.018522461826252602
355 0.018522456828191904
356 0.018522450297682767
357 0.018522463126701721
358 0.018522465403495648
359 0.018522472360670558
360 0.018522459916438756
361 0.018522456120499742
362 0.018522452975333534
363 0.018522449237163768
364 0.018522485796803444
365 0.018522448846430679
366 0.018522460492071961
367 0.018522449960503781
368 0.018522475939688334
369 0.018522450556721359
370 0.018522449068647945
371 0.018522462281692378
372 0.01852244823094296
373 0.018522447984539777
374 0.018522447881076511
375 0.018522450550217652
376 0.0185224526973824
377 0.018522453380529567
378 0.018522449105948965
379 0.018522449248880919
380 0.018522447542431538
381 0.018522449659005933
382 0.018522449179345896
383 0.018522454557432733
384 0.01852244814297482
385 0.018522447178591517
386 0.018522459549902635
387 0.018522446718944069
388 0.018522456061382916
389 0.01852244699317843
390 0.018522469564518109
391 0.018522458298111038
392 0.018522446711038941
393 0.018522446267545619
394 0.018522445810745969
395 0.018522448107226433
396 0.018522444689519222
397 0.01852244618255006
398 0.018522449240986307
399 0.018522444015331718
400 0.018522461635841436
401 0.018522443481891838
402 0.01852244693805161
403 0.01852244399044603
404 0.018522443182390165
405 0.018522444212106394
406 0.018522449852723756
407 0.018522452133533096
408 0.018522441707440052
409 0.018522468722083574
410 0.018522448358974698
411 0.0185224475643214
412 0.018522447841301113
413 0.018522442070576597
414 0.018522452857165604
415 0.018522443557689783
416 0.018522450661610054
417 0.018522441264926345
418 0.018522455519169999
419 0.018522442499595101
420 0.018522440609578264
421 0.018522449107461512
422 0.018522447444474836
423 0.018522443208127039
424 0.018522441222556286
425 0.018522442957933299
426 0.018522440521869039
427 0.01852244208478215
428 0.018522441806280539
429 0.018522440506316296
430 0.018522451147161063
431 0.018522440435496633
432 0.018522440242594036
433 0.018522440242647997
434 0.018522440499298836
435 0.018522450090108396
436 0.018522441298341533
437 0.018522441615700127
438 0.018522445025733029
439 0.018522451767702047
440 0.01852243953291173
441 0.018522441164963099
442 0.018522439742130237
443 0.018522439495806432
444 0.018522439553345021
445 0.018522439804877038
446 0.018522453118854879
447 0.018522442522548168
448 0.018522441200785777
449 0.018522444997228337
450 0.018522440139082143
451 0.018522439641165941
452 0.018522440088627912
453 0.018522442529846431
454 0.018522439559270697
455 0.018522439821400009
456 0.01852243950765714
457 0.018522442750817575
458 0.01852244139099957
459 0.01852244455855449
460 0.018522439289141584
461 0.01852243942822936
462 0.018522439258421529
463 0.018522439393590686
464 0.018522451096767669
465 0.018522439720007885
466 0.018522439553425928
467 0.018522440387579716
468 0.018522452247704928
469 0.018522439224108084
470 0.018522440696655176
471 0.018522444015773559
472 0.018522439926320047
473 0.018522439982416261
474 0.018522440029872446
475 0.018522441289478005
476 0.018522439543459022
477 0.018522440216708753
478 0.018522439237731055
479 0.018522439438644768
480 0.018522441101934614
481 0.018522439687224616
482 0.018522439479510756
483 0.018522440588503088
484 0.018522440226641766
485 0.018522439674383828
486 0.018522441594696164
487 0.018522440160030577
488 0.018522439754044578
489 0.018522439251146695
490 0.01852244135668497
491 0.018522441648322126
492 0.018522439184620616
493 0.018522439395943852
494 0.018522441855600626
495 0.018522439352194459
496 0.01852243923682852
497 0.018522439339085723
498 0.018522442372263852
499 0.018522439531145428
500 0.018522439523310032
501 0.018522441807910236
502 0.018522443252180533
503 0.018522439589677482
504 0.018522439164292418
505 0.018522442102764613
506 0.018522444164578749
507 0.018522439166656184
508 0.018522439590263926
509 0.018522439325825729
510 0.018522439145663257
511 0.018522439588430556
512 0.018522439204158692
513 0.018522439570077535
514 0.018522439231932138
515 0.018522440077471478
516 0.018522440206557564
517 0.01852243925065564
518 0.018522439350245452
519 0.018522440222657557
520 0.018522439271953302
521 0.018522439309813458
522 0.018522439461983006
523 0.018522439139456372
524 0.018522439159918844
525 0.01852244072377765
526 0.018522439549711028
527 0.01852243916937454
528 0.018522440495673489
529 0.018522440138091262
530 0.018522439153497498
531 0.018522439650978006
532 0.018522439213559162
533 0.018522439176265379
534 0.01852243930035638
535 0.01852243928339244
536 0.018522440325775644
537 0.018522439167123941
538 0.018522439184261476
539 0.018522439105488463
540 0.018522440124984694
541 0.018522439118730097
542 0.018522440029379247
543 0.018522439584675952
544 0.018522439157354863
545 0.018522439500505736
546 0.018522439162174567
547 0.018522439421906421
548 0.018522439110381747
549 0.018522439163944061
550 0.018522439174174458
551 0.018522439122060568
552 0.01852243919279049
553 0.018522439117391605
554 0.018522439158999329
555 0.018522439148212715
556 0.0185224393611726
557 0.018522439271047311
558 0.018522439267832553
559 0.018522439339835963
560 0.018522439156914084
561 0.018522439703792817
562 0.018522439156001588
563 0.018522440500489873
564 0.018522439123628272
565 0.018522439753590091
566 0.018522439166390674
567 0.018522439181586324
568 0.018522439359133336
569 0.018522439347378378
570 0.018522439196353348
571 0.018522439221474687
572 0.018522439108791464
573 0.018522440006273733
574 0.01852243914938994
575 0.018522439136283035
576 0.01852243925852861
577 0.018522439357841324
578 0.018522439107739857
579 0.018522439170316617
580 0.018522439098248706
581 0.018522439210825293
582 0.018522440084320666
583 0.018522439115905929
584 0.018522439212057037
585 0.018522439173024985
586 0.018522439123363467
587 0.018522439217585732
588 0.018522439192555983
589 0.018522439357756888
590 0.018522439568370106
591 0.018522439111206442
592 0.018522439178352015
593 0.018522439137255754
594 0.018522439146912741
595 0.018522439303352196
596 0.018522439263816363
597 0.018522439127480254
598 0.018522439193453623
599 0.018522439141148872
600 0.018522439148497275
601 0.018522439146461827
602 0.018522439126792332
603 0.018522439101857347
604 0.018522439110884765
605 0.018522439224674725
606 0.018522439130873182
607 0.018522439193005034
608 0.018522439098537288
609 0.018522439098748081
610 0.018522439222199479
611 0.018522439204938977
612 0.018522439270611271
613 0.018522439099479024
614 0.018522439134238556
615 0.018522439433733755
616 0.0185224391043875
617 0.018522439146932867
618 0.01852243911484933
619 0.018522439130693159
620 0.01852243912675193
621 0.018522439136762995
622 0.018522439163204323
623 0.018522439311290311
624 0.018522439124409842
625 0.018522439104212196
626 0.018522439108501102
627 0.018522439115401978
628 0.018522439107447126
629 0.018522439144286536
630 0.018522439109145989
631 0.018522439129846479
632 0.018522439107658172
633 0.018522439279731524
634 0.018522439127150587
635 0.018522439363809279
636 0.018522439193139683
637 0.018522439102371863
638 0.018522439108111258
639 0.018522439327427351
640 0.018522439137058401
641 0.018522439207168746
642 0.018522439113024997
643 0.018522439107506995
644 0.018522439141601277
645 0.018522439094522034
646 0.018522439347920017
647 0.018522439117676984
648 0.018522439151932954
649 0.018522439167914798
650 0.018522439100131773
651 0.01852243909348561
652 0.018522439102016442
653 0.018522439093292029
654 0.018522439160760101
655 0.018522439103760235
656 0.018522439178365838
657 0.018522439153462023
658 0.018522439098819631
659 0.01852243909356581
660 0.018522439107811445
661 0.018522439105060403
662 0.01852243910396523
663 0.018522439130726955
664 0.018522439117364991
665 0.018522439215080771
666 0.018522439128840652
667 0.018522439093355984
668 0.018522439106473131
669 0.018522439096596788
670 0.018522439092111577
671 0.018522439093000564
672 0.018522439096062257
673 0.018522439102836526
674 0.018522439162944476
675 0.018522439104229415
676 0.018522439092524164
677 0.018522439148708381
678 0.018522439100060253
679 0.018522439093111881
680 0.018522439101773792
681 0.018522439094183912
682 0.018522439104964601
683 0.018522439092624299
684 0.018522439100747166
685 0.018522439108101949
686 0.018522439092489077
687 0.018522439112799539
688 0.018522439202728183
689 0.018522439098236348
690 0.018522439092442115
691 0.018522439095408339
692 0.018522439094245655
693 0.01852243912547883
694 0.018522439102970033
695 0.018522439105348999
696 0.01852243909369114
697 0.018522439093778608
698 0.018522439107783339
699 0.018522439093115541
700 0.018522439092223744
701 0.018522439128919956
702 0.018522439097871483
703 0.018522439142518672
704 0.018522439110883946
705 0.01852243912098412
706 0.018522439096087032
707 0.018522439095963329
708 0.018522439106299426
709 0.018522439109931125
710 0.018522439094446883
711 0.01852243909485091
712 0.01852243909324711
713 0.0185224391022242
714 0.01852243909951792
715 0.018522439094581143
716 0.018522439093740174
717 0.018522439102836543
718 0.018522439118078278
719 0.018522439092633871
720 0.018522439093427576
721 0.01852243909683618
722 0.018522439109645222
723 0.018522439094322836
724 0.018522439093503953
725 0.018522439101014643
726 0.018522439094077216
727 0.018522439092915177
728 0.018522439093004529
729 0.018522439117774216
730 0.018522439110488589
731 0.018522439095496408
732 0.018522439099068387
733 0.018522439101394637
734 0.018522439098815773
735 0.018522439093440739
736 0.01852243909401332
737 0.018522439107203519
738 0.018522439103887862
739 0.018522439100495877
740 0.018522439094298158
741 0.01852243909296054
742 0.018522439096593932
743 0.018522439108764048
744 0.0185224391017948
745 0.018522439092038479
746 0.018522439092220865
747 0.018522439112849679
748 0.018522439092272008
749 0.018522439115535232
750 0.018522439101357899
751 0.018522439094061979
752 0.018522439096600174
753 0.018522439093188972
754 0.0185224390921108
755 0.01852243909253876
756 0.018522439091864705
757 0.018522439096469012
758 0.018522439093033676
759 0.018522439093022803
760 0.018522439091767897
761 0.01852243910216805
762 0.018522439091794452
763 0.018522439117369775
764 0.018522439095162341
765 0.01852243909208539
766 0.018522439092165284
767 0.018522439091885567
768 0.018522439092038566
769 0.018522439091944426
770 0.018522439093117241
771 0.018522439102293869
772 0.018522439095783674
773 0.018522439092232099
774 0.018522439097882835
775 0.018522439092853581
776 0.018522439103404967
777 0.018522439092206702
778 0.018522439094874096
779 0.018522439109344261
780 0.018522439104788888
781 0.018522439097828851
782 0.018522439091904198
783 0.018522439092854316
784 0.018522439092031159
785 0.018522439094211203
786 0.018522439100834953
787 0.018522439091800479
788 0.018522439096140146
789 0.018522439091802619
790 0.018522439092164267
791 0.018522439093428371
792 0.018522439095527268
793 0.018522439101058566
794 0.018522439091718964
795 0.018522439102656569
796 0.018522439092476684
797 0.018522439092990697
798 0.018522439095130683
799 0.018522439091941845
800 0.018522439095020278
801 0.018522439093216533
802 0.018522439093469709
803 0.018522439095402032
804 0.018522439093034908
805 0.018522439101051825
806 0.018522439093327799
807 0.018522439092363178
808 0.018522439092046834
809 0.018522439097585486
810 0.018522439091932217
811 0.01852243909229237
812 0.018522439092932143
813 0.018522439092838607
814 0.018522439091714651
815 0.018522439092230138
816 0.018522439093193867
817 0.018522439093810787
818 0.018522439092765276
819 0.018522439096206631
820 0.018522439091687798
821 0.018522439092070454
822 0.018522439091731659
823 0.018522439092720253
824 0.018522439095541091
825 0.018522439092160552
826 0.018522439093632971
827 0.018522439094829955
828 0.018522439094649266
829 0.01852243909366497
830 0.018522439094879026
831 0.018522439092145949
832 0.018522439091771741
833 0.018522439091737581
834 0.018522439091917323
835 0.018522439091705187
836 0.018522439091968688
837 0.018522439094618159
838 0.018522439091815755
839 0.018522439092330617
840 0.018522439091695715
841 0.018522439091832054
842 0.018522439092940764
843 0.018522439091828338
844 0.018522439091775519
845 0.0185224390934896
846 0.018522439091913832
847 0.018522439092719698
848 0.018522439095688941
849 0.01852243909168616
850 0.01852243909183823
851 0.018522439092196724
852 0.018522439092420753
853 0.018522439091836193
854 0.018522439092542236
855 0.018522439091967366
856 0.018522439092332355
857 0.018522439092071581
858 0.018522439091879412
859 0.018522439091742345
860 0.01852243909438896
861 0.018522439091868136
862 0.018522439092755805
863 0.018522439091717888
864 0.018522439091670031
865 0.018522439092012486
866 0.018522439091656146
867 0.018522439091666017
868 0.018522439091822052
869 0.018522439091730198
870 0.018522439091709066
871 0.018522439092204603
872 0.018522439091864913
873 0.018522439092467768
874 0.01852243909164893
875 0.018522439091730781
876 0.018522439091739663
877 0.01852243909213272
878 0.01852243909207725
879 0.018522439091805929
880 0.018522439093643064
881 0.018522439092615414
882 0.018522439091809263
883 0.018522439092736438
884 0.018522439092211948
885 0.018522439091673372
886 0.01852243909168572
887 0.018522439091664025
888 0.018522439091718267
889 0.018522439092104551
890 0.018522439091887031
891 0.018522439091705815
892 0.018522439092153769
893 0.018522439091654391
894 0.018522439094004431
895 0.018522439091829521
896 0.018522439091651157
897 0.018522439091656923
898 0.018522439091669507
899 0.018522439092054553
900 0.018522439091653065
901 0.018522439091687121
902 0.018522439091891517
903 0.018522439091683926
904 0.018522439091756163
905 0.01852243909181121
906 0.018522439091709947
907 0.018522439091889619
908 0.018522439092230145
909 0.018522439091866891
910 0.018522439091665593
911 0.018522439092487172
912 0.018522439091749769
913 0.01852243909206933
914 0.018522439091833365
915 0.018522439091719804
916 0.018522439091753759
917 0.01852243909166168
918 0.018522439091658235
919 0.018522439092182093
920 0.018522439092034902
921 0.018522439091664667
922 0.018522439091776106
923 0.018522439091848066
924 0.01852243909165522
925 0.018522439091657236
926 0.018522439091709045
927 0.018522439091739836
928 0.018522439091703258
929 0.018522439091668116
930 0.018522439092169628
931 0.018522439091647153
932 0.018522439091713406
933 0.018522439091778427
934 0.01852243909169551
935 0.018522439091670541
936 0.018522439091650737
937 0.018522439091651161
938 0.018522439091650408
939 0.018522439091665264
940 0.018522439091645641
941 0.018522439091734032
942 0.018522439091702758
943 0.018522439091919397
944 0.018522439091713916
945 0.018522439091726507
946 0.018522439091650359
947 0.018522439091729969
948 0.018522439091690032
949 0.018522439091711401
950 0.018522439091670079
951 0.018522439091645106
952 0.018522439091921077
953 0.018522439091670558
954 0.01852243909170016
955 0.018522439091657353
956 0.018522439091660917
957 0.018522439091665066
958 0.018522439091658766
959 0.018522439091742879
960 0.018522439091678122
961 0.018522439091656268
962 0.018522439091654044
963 0.018522439091654644
964 0.018522439091654609
965 0.018522439091655934
966 0.018522439092031658
967 0.018522439091672446
968 0.018522439091641547
969 0.018522439092434107
970 0.018522439091908184
971 0.018522439091653551
972 0.018522439091694824
973 0.018522439091798779
974 0.018522439091792766
975 0.018522439091739819
976 0.018522439091663893
977 0.018522439091668088
978 0.018522439091656288
979 0.0185224390916407
980 0.018522439091671103
981 0.018522439091657964
982 0.018522439091672407
983 0.018522439091647396
984 0.018522439091956
985 0.018522439091768483
986 0.018522439091677983
987 0.018522439091647695
988 0.018522439091723727
989 0.018522439091817958
990 0.018522439091645696
991 0.018522439091641321
992 0.018522439091642529
993 0.018522439091697322
994 0.018522439091715765
995 0.018522439091682687
996 0.018522439091682639
997 0.018522439091643618
998 0.018522439091773979
999 0.018522439091668289
