iter obj
10 0.0264305265567023
20 0.0235671764386613
30 0.0221198916121893
40 0.0212364474271536
50 0.0206017879725614
60 0.0201387862373243
70 0.0197735062253297
80 0.019499385403353
90 0.0192983581538856
100 0.0191361969748774
110 0.019006865087618
120 0.0188999939051355
130 0.0188120959643259
140 0.0187392027061897
150 0.0186818237996326
160 0.0186382545674388
170 0.0186020965551918
180 0.0185878668559787
190 0.0185785329320957
200 0.0185709125418808
210 0.0185644704977738
220 0.0185590544232786
230 0.0185544507127461
240 0.0185504543143869
250 0.0185470628202656
260 0.0185441814755901
270 0.0185416893032777
280 0.0185395203279001
290 0.0185375945064031
300 0.0185359139628435
310 0.0185344310791717
320 0.0185330942402842
330 0.0185319044734864
340 0.0185308581593092
350 0.0185299250187697
360 0.0185290933740952
370 0.0185283789199444
380 0.0185277404721398
390 0.0185271704796974
400 0.0185266637944826
410 0.0185262357239798
420 0.0185258573032836
430 0.0185255263304655
440 0.0185252317295071
450 0.0185249648393433
460 0.0185247274928169
470 0.0185245134159022
480 0.018524324390476
490 0.0185241567580153
500 0.0185240058206351
510 0.0185238692607818
520 0.0185237447245754
530 0.0185236313006771
540 0.0185235283908718
550 0.0185234356870995
560 0.0185233506977559
570 0.018523273455659
580 0.0185232034330976
590 0.0185231391448126
600 0.0185230805585266
610 0.0185230273309341
620 0.0185229785933967
630 0.0185229340075588
640 0.0185228933712812
650 0.0185228564203208
660 0.0185228227684272
670 0.0185227921004099
680 0.0185227638843229
690 0.0185227379961072
700 0.0185227142246261
710 0.0185226923344763
720 0.018522672274277
730 0.0185226538807196
740 0.0185226370647137
750 0.018522621604777
760 0.0185226073347577
770 0.0185225942958907
780 0.018522582428402
790 0.0185225713152921
800 0.0185225611336052
810 0.0185225517971725
820 0.0185225431945868
830 0.0185225352959184
840 0.0185225279736303
850 0.0185225212404914
860 0.0185225149655502
870 0.0185225092047036
880 0.0185225039427366
890 0.0185224990455408
900 0.0185224945538371
910 0.0185224904185525
920 0.0185224866053213
930 0.0185224830283047
940 0.018522479773946
950 0.0185224767171889
960 0.0185224739231736
970 0.0185224713337589
980 0.0185224689560553
990 0.0185224667437477
1000 0.018522464696562
