iter obj
0 0.046939317234389821
1 0.045820516667947474
2 0.039321444719971475
3 0.036554323055677559
4 0.034636951527899362
5 0.033310622957535334
6 0.03232822764780327
7 0.031568068282589609
8 0.030960512777894054
9 0.030462194071971378
10 0.030044438369247372
11 0.029687277532867463
12 0.029375578368696052
13 0.029100868281246531
14 0.028855357656868547
15 0.028633000098888795
16 0.028430664772998729
17 0.028245238642243851
18 0.028074385155574519
19 0.027916402715728823
20 0.027769538576156973
21 0.027632061422139996
22 0.027503283071910939
23 0.027381812501547975
24 0.027266927790287578
25 0.027157821310851111
26 0.027054054724339999
27 0.026955325388448262
28 0.026860983881879151
29 0.026770677844199467
30 0.026684081939368515
31 0.026600815686088981
32 0.026520670711733078
33 0.026443767185190804
34 0.026369413217252204
35 0.026297637138107798
36 0.026228235487696927
37 0.026160917011409216
38 0.026095543327940958
39 0.026032056074801951
40 0.025970368394186448
41 0.0259104756378058
42 0.025852180128884586
43 0.025795392003309887
44 0.025740118725354678
45 0.025686103250946168
46 0.02563339589441729
47 0.025582155289302803
48 0.025532146239830796
49 0.025483161057741094
50 0.025435351707918892
51 0.025388708561708412
52 0.025343164086673885
53 0.025298720298831182
54 0.025255464887966927
55 0.025213277722923005
56 0.025171882017694627
57 0.025131366380758823
58 0.025091612843535584
59 0.025052600937191832
60 0.025014222104758527
61 0.024976556389316822
62 0.024939556535175121
63 0.024903276256714856
64 0.024867600154298352
65 0.024832598643694751
66 0.024798230639580313
67 0.024764474029904601
68 0.024731235518309191
69 0.02469856526459684
70 0.024666511887239031
71 0.024634912648504141
72 0.024603954128734347
73 0.02457344850146052
74 0.024543378638670142
75 0.024513775219155366
76 0.024484629504708869
77 0.024455912746138387
78 0.02442757229830558
79 0.02439966010590465
80 0.024372211847893389
81 0.024345108373396727
82 0.024318330195339001
83 0.024291963998995095
84 0.024266049298614614
85 0.024240416142018405
86 0.024215112460076772
87 0.024190159208459551
88 0.024165639675730325
89 0.024141487089294315
90 0.024117640799749353
91 0.024094126172486942
92 0.024070898275824513
93 0.024048001697651655
94 0.024025412030814014
95 0.024003080657760651
96 0.023981002004277666
97 0.023959193642189375
98 0.023937719379613497
99 0.023916496231009783
100 0.023895506331195932
101 0.023874735275323855
102 0.023854172768903163
103 0.023833808065377271
104 0.023813620163894614
105 0.023793659354344052
106 0.023773888314106567
107 0.023754352418316773
108 0.023735026808480619
109 0.023715937429759044
110 0.023697160167943911
111 0.02367859054831933
112 0.023660257884185572
113 0.023642108764788509
114 0.023624109920890951
115 0.023606342470029421
116 0.023588743902730896
117 0.023571319903574424
118 0.023554102498081805
119 0.023537058162960981
120 0.023520219065819407
121 0.023503551520692518
122 0.02348707041079795
123 0.023470760495607545
124 0.023454562376379683
125 0.02343848312764291
126 0.02342251592478866
127 0.023406682156990634
128 0.023390996493327629
129 0.023375443206484922
130 0.023360056706433745
131 0.023344833620662801
132 0.023329786337175699
133 0.023314873758072011
134 0.023300087030185108
135 0.023285435409958009
136 0.023270889812212748
137 0.023256477881137421
138 0.023242214212145958
139 0.02322812999407483
140 0.023214150989094656
141 0.023200266289118372
142 0.023186499036027871
143 0.023172859575528903
144 0.023159333489528998
145 0.02314590100591633
146 0.023132614983586503
147 0.023119423041170449
148 0.02310629874684144
149 0.023093250339866332
150 0.023080288370938687
151 0.023067436727655155
152 0.0230547033354556
153 0.023042056745983922
154 0.023029500840860629
155 0.023017058929618518
156 0.023004743355614761
157 0.022992534014907969
158 0.022980374052720003
159 0.022968277404244758
160 0.022956260730099768
161 0.022944315731472761
162 0.022932444165651249
163 0.022920651186028384
164 0.022908950470260599
165 0.022897350974717779
166 0.022885848028104321
167 0.022874403802277218
168 0.022863034614431704
169 0.02285174660025726
170 0.022840546816905793
171 0.022829437969548894
172 0.022818410784271704
173 0.022807490718698625
174 0.022796646269582145
175 0.022785887578581986
176 0.022775188819764931
177 0.022764547499506273
178 0.022753974685078851
179 0.022743461238675999
180 0.022733005401214965
181 0.022722599482170643
182 0.022712248902659164
183 0.022701949019949239
184 0.022691721737944748
185 0.022681578956578383
186 0.022671508909891704
187 0.022661487739017525
188 0.022651552994589246
189 0.022641738331032904
190 0.022632002625706665
191 0.022622304700266847
192 0.022612657560979542
193 0.022603077349868623
194 0.022593563899588064
195 0.022584107443566769
196 0.022574707460348287
197 0.02256533754374996
198 0.0225560167015726
199 0.022546747238130892
200 0.022537527740750928
201 0.022528367859830194
202 0.022519248746189442
203 0.022510188444583641
204 0.022501176222068913
205 0.022492230406096755
206 0.022483329062082939
207 0.022474487959199846
208 0.022465685990058212
209 0.022456916803355837
210 0.02244818864474055
211 0.022439521841132126
212 0.022430914271191975
213 0.022422347919051584
214 0.022413817358759452
215 0.022405330462883982
216 0.022396897713595661
217 0.022388522411164784
218 0.022380198213912014
219 0.022371919488641801
220 0.022363673803023801
221 0.02235546149388648
222 0.022347286289762014
223 0.0223391492443311
224 0.022331063334736431
225 0.022323014271340359
226 0.022314999306556282
227 0.022307024761834375
228 0.022299080835975617
229 0.022291169538799668
230 0.022283297731502571
231 0.022275485352097949
232 0.022267721485183422
233 0.022259986449611573
234 0.022252292889594363
235 0.022244648770631509
236 0.022237030475946294
237 0.022229448272051654
238 0.022221910936855351
239 0.022214405558896047
240 0.022206960941937491
241 0.022199560874236694
242 0.022192210902247191
243 0.022184914877503389
244 0.022177644630501404
245 0.022170408995339338
246 0.022163207542719315
247 0.022156030247546712
248 0.022148877757053109
249 0.022141769577766746
250 0.022134707262656927
251 0.022127683004509877
252 0.022120712300569254
253 0.022113780009195037
254 0.022106874968400074
255 0.022100009310225759
256 0.022093180045008754
257 0.022086369883237089
258 0.022079577974124406
259 0.022072801265137599
260 0.022066055746926574
261 0.022059335322066068
262 0.022052653875733356
263 0.02204600779786248
264 0.0220393892135647
265 0.022032791258141889
266 0.022026240494872833
267 0.022019719118538592
268 0.022013221682882268
269 0.022006762685849512
270 0.022000346051904561
271 0.021993960119741252
272 0.021987593875254816
273 0.021981256815976943
274 0.021974952753333894
275 0.021968703853381649
276 0.02196249634793471
277 0.021956313789347502
278 0.021950152434120868
279 0.021944016454514732
280 0.021937909404540969
281 0.021931824443436193
282 0.021925753582196221
283 0.021919712849902479
284 0.021913695659446609
285 0.021907700090911079
286 0.02190172537264377
287 0.021895767403077054
288 0.021889838909101685
289 0.021883935302869889
290 0.021878067694003158
291 0.021872224633881502
292 0.02186640072914298
293 0.021860595503568652
294 0.021854815107310077
295 0.021849049293014407
296 0.021843296382423001
297 0.021837568099316574
298 0.021831857182244233
299 0.021826169861005957
300 0.021820493401805113
301 0.021814838650283892
302 0.021809229338568704
303 0.021803651711531254
304 0.021798098741449987
305 0.021792579852855182
306 0.021787072661961109
307 0.021781580163324283
308 0.021776112158581332
309 0.021770677303985769
310 0.021765259291179638
311 0.021759871252631614
312 0.021754505753835317
313 0.021749157610349054
314 0.021743823378967707
315 0.021738510729696559
316 0.021733216455400883
317 0.021727935266786267
318 0.021722682334828138
319 0.021717446491272996
320 0.021712230367780045
321 0.021707027198833495
322 0.021701838067792713
323 0.021696666702879175
324 0.021691510028859218
325 0.021686360108542153
326 0.02168123317901403
327 0.021676122494056971
328 0.021671032992749657
329 0.021665956449440634
330 0.021660896662569939
331 0.021655853417990749
332 0.021650836257847673
333 0.021645845216144214
334 0.021640873140494569
335 0.021635926164675592
336 0.021631001197085341
337 0.021626089117886004
338 0.021621194358439105
339 0.021616321224621288
340 0.021611467785286338
341 0.021606633250012764
342 0.021601817835644747
343 0.021597013984699102
344 0.021592221624677485
345 0.021587449217286666
346 0.021582688726894953
347 0.021577936371450664
348 0.021573202005617662
349 0.021568484727120925
350 0.02156378737104106
351 0.021559122017246288
352 0.021554475470306554
353 0.021549842468592605
354 0.021545232241793728
355 0.021540637049738662
356 0.021536050448749254
357 0.021531476020389396
358 0.021526921308505222
359 0.021522385448560839
360 0.021517874818022243
361 0.02151337314599381
362 0.021508880984447299
363 0.021504406062851606
364 0.021499938820838272
365 0.021495481360375032
366 0.021491037102345723
367 0.021486615222587161
368 0.021482204574993204
369 0.021477806140495579
370 0.021473414774327293
371 0.021469032064714854
372 0.021464667178415664
373 0.021460322779763674
374 0.021455999025803068
375 0.021451686707305372
376 0.021447393041776178
377 0.021443114612491647
378 0.021438853941442532
379 0.021434614821825491
380 0.02143038677063791
381 0.021426164059698473
382 0.021421954858554828
383 0.021417769207232505
384 0.021413596919295869
385 0.021409434598353743
386 0.021405280195757121
387 0.02140113547393967
388 0.021397001684711137
389 0.021392880180031725
390 0.021388781833984974
391 0.021384697051721961
392 0.021380630592579237
393 0.021376578396002707
394 0.021372541706208812
395 0.021368515662840749
396 0.02136449614542265
397 0.021360493479473084
398 0.021356501053507875
399 0.021352513828655013
400 0.021348537745439967
401 0.021344570598590989
402 0.021340623869106731
403 0.021336688273366794
404 0.021332765354365499
405 0.021328868003982895
406 0.021324981810635045
407 0.021321101257306699
408 0.021317233582658038
409 0.021313373665137855
410 0.021309519529197702
411 0.021305681061515164
412 0.021301850383613544
413 0.021298034842440097
414 0.021294237995169746
415 0.021290455636087748
416 0.021286680636391598
417 0.021282922923623795
418 0.021279185718403069
419 0.021275459377734986
420 0.021271744083764126
421 0.02126804353334397
422 0.021264358518591226
423 0.021260683188780469
424 0.021257021025081264
425 0.021253365263305967
426 0.021249721684190339
427 0.02124609588907371
428 0.02124247652728431
429 0.02123886528772282
430 0.021235272094428555
431 0.021231689679170777
432 0.021228117971762689
433 0.021224556951255857
434 0.021221004349891
435 0.021217460660614373
436 0.02121393048934091
437 0.021210409810328196
438 0.021206897481046396
439 0.0212033972792483
440 0.021199903046648799
441 0.021196414417981844
442 0.021192932996753733
443 0.021189462535376787
444 0.021186004372094433
445 0.021182551574705989
446 0.021179106618360963
447 0.021175678150786241
448 0.021172268888889765
449 0.021168862782128418
450 0.021165460515791865
451 0.021162066273228104
452 0.021158677900974455
453 0.021155300954307062
454 0.021151942375146553
455 0.021148594009028153
456 0.021145265372706321
457 0.021141946126640169
458 0.021138640603911522
459 0.021135355680473044
460 0.021132084114375178
461 0.021128817829498117
462 0.021125557830972995
463 0.021122308729603176
464 0.021119069707000216
465 0.021115836429968698
466 0.021112609437481788
467 0.021109387278230467
468 0.02110617144043838
469 0.021102969146501793
470 0.021099781035291372
471 0.021096603862426368
472 0.021093432541785015
473 0.021090273841813209
474 0.021087129916060442
475 0.021083989543733746
476 0.021080852900761841
477 0.021077721797568262
478 0.021074596511263293
479 0.021071480949720625
480 0.021068377552440037
481 0.021065283497734656
482 0.021062194150093153
483 0.021059111259119266
484 0.021056043884897808
485 0.021052993775973826
486 0.02104995050348351
487 0.021046914126093608
488 0.021043887062584893
489 0.021040867555369391
490 0.02103785510670695
491 0.021034849812276119
492 0.021031856421024453
493 0.021028867926947963
494 0.021025886766331183
495 0.021022910571566421
496 0.021019943606220663
497 0.021016983628466466
498 0.021014041407156066
499 0.021011105834828719
500 0.021008177709429695
501 0.021005254848198127
502 0.021002336138712389
503 0.020999424669611806
504 0.020996521398501132
505 0.020993623966405663
506 0.020990740245423769
507 0.020987863994859839
508 0.020984990880596636
509 0.020982123547456488
510 0.020979265127816737
511 0.020976416379340477
512 0.020973574983338905
513 0.020970738814776475
514 0.020967909241207842
515 0.0209650915171063
516 0.020962279617985118
517 0.020959472399750073
518 0.02095666799088754
519 0.020953866110728345
520 0.020951071262099118
521 0.020948285625865811
522 0.020945505192898627
523 0.020942734572360844
524 0.020939977609071372
525 0.020937227894388236
526 0.020934494495412601
527 0.02093176442251897
528 0.020929036408894184
529 0.020926312146023796
530 0.020923592744723076
531 0.020920875365036874
532 0.020918162500552312
533 0.020915455703148303
534 0.020912754851261477
535 0.020910055968970026
536 0.020907359123362109
537 0.02090466619658134
538 0.020901978074657247
539 0.020899297077482986
540 0.020896625298241937
541 0.020893966707454008
542 0.020891313301383416
543 0.020888664119280458
544 0.020886020068747811
545 0.020883387505250251
546 0.020880762852699034
547 0.020878146330857824
548 0.020875535367802039
549 0.02087293075659389
550 0.020870329790914417
551 0.020867731134945357
552 0.020865137480222694
553 0.020862549070947749
554 0.020859963597936099
555 0.020857380818128747
556 0.020854802998836578
557 0.020852230803630561
558 0.020849664220182862
559 0.020847103016091485
560 0.020844546800867055
561 0.020842000395133141
562 0.020839460822287409
563 0.020836925936744601
564 0.020834400036804892
565 0.020831876902005709
566 0.020829360001049319
567 0.020826850952702005
568 0.020824344635013061
569 0.020821841827536429
570 0.020819345296405861
571 0.020816853158822708
572 0.02081436665299095
573 0.020811888115295669
574 0.020809413353419754
575 0.02080694144436086
576 0.02080447236876222
577 0.020802006957247089
578 0.020799546367315538
579 0.020797090392046302
580 0.020794650973347178
581 0.02079221801658114
582 0.020789791479996256
583 0.020787370035342374
584 0.020784953966869534
585 0.020782541788539912
586 0.020780135094481622
587 0.020777731825597848
588 0.020775331735055629
589 0.020772934429527108
590 0.020770546898985203
591 0.020768162899221905
592 0.020765787350365206
593 0.020763415501118911
594 0.020761046689845842
595 0.020758686503943403
596 0.020756332249808974
597 0.02075398605896055
598 0.020751644071717906
599 0.020749307312145658
600 0.020746974024791403
601 0.020744646910679308
602 0.020742321981487115
603 0.020740001024931131
604 0.020737684227997204
605 0.020735374465369192
606 0.020733075423467539
607 0.020730778440310838
608 0.020728489592944793
609 0.020726205356886327
610 0.020723931276685609
611 0.02072166039247831
612 0.020719396359233706
613 0.020717138221389549
614 0.020714882995799617
615 0.020712630136557039
616 0.020710380507064436
617 0.020708135467798646
618 0.020705892594474799
619 0.020703652377701828
620 0.02070141730064275
621 0.020699184634195251
622 0.02069695783524186
623 0.020694736636644617
624 0.020692522032066948
625 0.020690313119250871
626 0.020688116860532246
627 0.020685928975640665
628 0.020683747742640358
629 0.020681573714273788
630 0.020679408144223088
631 0.020677250556756382
632 0.020675094660464851
633 0.020672943289696415
634 0.02067079835857814
635 0.020668657270101812
636 0.020666517905993772
637 0.020664380012951067
638 0.020662245028216925
639 0.020660114656513205
640 0.020657990789599075
641 0.020655871436527615
642 0.020653756905939222
643 0.020651649954139858
644 0.020649549666224207
645 0.020647450819482386
646 0.020645355613927271
647 0.020643263938684157
648 0.020641176086885381
649 0.020639090022164623
650 0.020637013830038024
651 0.020634940168296634
652 0.020632868662017943
653 0.020630801786049938
654 0.020628741397509375
655 0.020626686198939998
656 0.020624638398001063
657 0.020622595116373651
658 0.020620554602784041
659 0.020618517470271394
660 0.020616482200963293
661 0.020614449201682147
662 0.020612418549455051
663 0.020610395621433571
664 0.020608375302369229
665 0.020606357958227784
666 0.020604344934198469
667 0.020602339122688045
668 0.020600336079600469
669 0.020598336740582503
670 0.02059634298412337
671 0.020594356869697815
672 0.020592373520975791
673 0.020590391462864753
674 0.020588410689896357
675 0.020586432773936045
676 0.020584458772752626
677 0.020582491421607979
678 0.020580528629181541
679 0.020578568287917182
680 0.020576611130367052
681 0.020574656274574315
682 0.020572704516364698
683 0.020570756984894054
684 0.020568815482818085
685 0.020566880808921426
686 0.020564953900290374
687 0.020563030289351032
688 0.020561111953499904
689 0.02055919729413784
690 0.020557286161024452
691 0.020555378956922853
692 0.020553477132009966
693 0.02055158083921977
694 0.02054968713444489
695 0.020547799948715334
696 0.0205459169905381
697 0.020544035296679166
698 0.020542155568092559
699 0.02054028128666294
700 0.020538412228030694
701 0.020536544472180077
702 0.020534678375232152
703 0.020532814116112921
704 0.020530954682536802
705 0.020529096955154036
706 0.020527243750013417
707 0.020525392751153448
708 0.020523546975858811
709 0.020521703724453937
710 0.020519865473420849
711 0.020518029169808657
712 0.020516195410150078
713 0.020514372315996007
714 0.020512552511399662
715 0.020510741099860924
716 0.020508935174233588
717 0.020507131470424347
718 0.020505336021489285
719 0.020503545267107511
720 0.020501758206990114
721 0.020499972864503446
722 0.02049818916955851
723 0.020496407879372489
724 0.020494628726098051
725 0.020492852542458709
726 0.020491077456333669
727 0.020489303466601917
728 0.020487530557464158
729 0.0204857591956107
730 0.020483988978411517
731 0.020482223100786307
732 0.020480463455290605
733 0.02047870740070807
734 0.020476954109783865
735 0.020475201862722038
736 0.020473451085421149
737 0.020471702214657311
738 0.02046995659365642
739 0.02046821439838617
740 0.02046647644289841
741 0.02046474029770871
742 0.020463005554428544
743 0.020461272106540824
744 0.020459539661930676
745 0.020457809274618915
746 0.020456082858047762
747 0.020454357427663074
748 0.020452636474609504
749 0.020450917967115335
750 0.020449203741568396
751 0.020447491759940845
752 0.020445782868575048
753 0.02044407494185661
754 0.020442371106195033
755 0.020440670446882067
756 0.020438972917556801
757 0.020437276628840192
758 0.020435582383661371
759 0.020433889091779744
760 0.020432196935703865
761 0.020430510229319545
762 0.020428827254483983
763 0.020427146889928718
764 0.020425467456375919
765 0.020423790164751238
766 0.020422118130240568
767 0.020420449007574816
768 0.020418781035349724
769 0.020417115856695291
770 0.020415454651561419
771 0.020413795479157105
772 0.020412137940488122
773 0.020410482003872372
774 0.020408826968733439
775 0.020407172825138584
776 0.020405519568371788
777 0.020403867328368526
778 0.020402219645453953
779 0.020400575637766517
780 0.020398932501204784
781 0.020397290229957048
782 0.020395650261209923
783 0.020394013197477655
784 0.020392377949070149
785 0.02039075125221234
786 0.020389129031812749
787 0.020387512124935891
788 0.020385898883599794
789 0.020384289531633536
790 0.020382681511982217
791 0.020381074352322913
792 0.020379468094667695
793 0.020377864572627094
794 0.020376263381434265
795 0.02037466303519931
796 0.020373064833003038
797 0.020371470164114995
798 0.02036987714950984
799 0.020368289130249757
800 0.020366706438114564
801 0.020365125325942621
802 0.020363545646899749
803 0.0203619701494577
804 0.020360396198955955
805 0.020358823313253841
806 0.020357252327750153
807 0.020355682713409057
808 0.020354120036599574
809 0.020352560889784852
810 0.02035100258366589
811 0.020349445696124738
812 0.020347889706189472
813 0.020346337532076098
814 0.020344786700223539
815 0.020343236742222069
816 0.020341689296497503
817 0.020340142895351583
818 0.020338597299378876
819 0.020337052546849255
820 0.020335510279488662
821 0.020333969245869637
822 0.020332431120103873
823 0.020330893967911157
824 0.020329357928089733
825 0.020327825690695616
826 0.02032629553244596
827 0.020324767550229852
828 0.020323242370383268
829 0.020321717961322445
830 0.020320196337024601
831 0.02031867735705499
832 0.020317161614975879
833 0.020315651785123408
834 0.020314143158415905
835 0.020312637220944313
836 0.020311132061506008
837 0.020309629070317012
838 0.020308129097873745
839 0.020306631798352102
840 0.020305137017197238
841 0.020303644093524156
842 0.020302155749709304
843 0.020300670101117028
844 0.020299186649314623
845 0.020297703958964096
846 0.020296224563510153
847 0.02029474929730922
848 0.02029327658275721
849 0.020291807298371722
850 0.020290339131547052
851 0.020288874836912711
852 0.020287415705831882
853 0.020285957338430357
854 0.020284500254235168
855 0.020283044566051789
856 0.020281590039532071
857 0.020280140211628234
858 0.020278697560378336
859 0.020277257989046109
860 0.020275820371719686
861 0.020274388421754875
862 0.020272960462096371
863 0.020271535291443019
864 0.020270110889212947
865 0.020268687237680185
866 0.020267265294690556
867 0.02026584950599071
868 0.020264439403920403
869 0.020263031966822709
870 0.02026162610759201
871 0.020260222118426569
872 0.020258823887299722
873 0.020257426411055903
874 0.020256030050731177
875 0.020254635865843976
876 0.020253244198932929
877 0.02025185656913497
878 0.020250471886191987
879 0.020249089427180563
880 0.020247710305886055
881 0.020246333397319606
882 0.020244957461029844
883 0.02024358233852527
884 0.020242210663517758
885 0.02024084051765656
886 0.020239471743055196
887 0.020238104870786026
888 0.020236741000606618
889 0.020235380634365557
890 0.020234024905218886
891 0.020232670956740799
892 0.020231318352573944
893 0.020229966474644766
894 0.020228615320235246
895 0.020227264879082479
896 0.020225915705355285
897 0.020224568184089912
898 0.020223222224658777
899 0.020221876964813486
900 0.020220533340604269
901 0.020219190975652359
902 0.020217849299948257
903 0.020216508720825126
904 0.020215170457134776
905 0.020213833755779183
906 0.020212497824793094
907 0.020211163309538413
908 0.020209830583568716
909 0.020208498533086618
910 0.020207167153945552
911 0.020205836903554358
912 0.020204507747811601
913 0.020203179421870922
914 0.020201855909528443
915 0.020200536526182072
916 0.020199218692441248
917 0.020197901521194054
918 0.020196585007446078
919 0.020195269153799721
920 0.020193955495593739
921 0.020192648751075647
922 0.020191344051122277
923 0.020190040011194021
924 0.020188738229526989
925 0.02018743925924827
926 0.02018614203107269
927 0.020184846093365419
928 0.02018355080999569
929 0.02018225617529492
930 0.020180963434778959
931 0.020179673336398231
932 0.020178384415236655
933 0.02017710227757466
934 0.020175823184211836
935 0.020174547484148094
936 0.020173272927443739
937 0.020171999104787418
938 0.020170728107186103
939 0.020169457740946278
940 0.020168188003876399
941 0.020166919226965629
942 0.020165652313080998
943 0.02016438903216115
944 0.02016312903354955
945 0.020161871684054571
946 0.020160616117710809
947 0.020159361178584613
948 0.02015810908177907
949 0.020156858138095826
950 0.020155607809653517
951 0.020154358295429876
952 0.020153112576497871
953 0.020151867544718809
954 0.020150623116196434
955 0.020149379289838433
956 0.02014813606178124
957 0.020146894269614187
958 0.020145653522004828
959 0.020144413365218283
960 0.020143173792116244
961 0.020141934804848466
962 0.020140696606454692
963 0.020139460971867449
964 0.020138226527993752
965 0.020136993131517417
966 0.020135762568486187
967 0.020134533028082029
968 0.020133304333488276
969 0.020132080138612323
970 0.020130857766124489
971 0.02012963650924059
972 0.020128416721010595
973 0.020127199048977952
974 0.020125983648811775
975 0.020124768814341706
976 0.020123554952897492
977 0.02012234243606531
978 0.020121131778546308
979 0.020119922529844826
980 0.020118714926600008
981 0.020117508483158963
982 0.020116303682155803
983 0.020115100766567934
984 0.020113899284245642
985 0.020112700790351452
986 0.020111504844213254
987 0.020110312453736456
988 0.020109122353876682
989 0.020107932875315461
990 0.020106744902583205
991 0.020105558559953579
992 0.020104372765266859
993 0.020103188998686898
994 0.020102010073749284
995 0.020100831702032761
996 0.020099653876963226
997 0.020098477111942074
998 0.020097302057099097
999 0.020096129329385672
