iter obj
0 0.5
5 0.42648495269851344
10 0.013838829788564074
15 0.0052415533149391211
20 0.0050372528401360526
25 0.0050088600485860366
30 0.0048426904073465673
35 0.004838806850546086
40 0.0048376262232709341
45 0.004837427036955385
50 0.0048371722399184356
55 0.004837004554435107
60 0.004836995764026031
65 0.0048369804084288856
70 0.0048369840950935649
75 0.0048369773874170014
80 0.004836977304690084
85 0.004836977187202848
90 0.0048369771864147501
95 0.0048369771519012963
100 0.0048369771394940059
105 0.0048369771385173895
110 0.0048369771384177895
115 0.0048369771381834171
120 0.0048369771381422079
125 0.0048369771380780639
130 0.0048369771380694032
135 0.0048369771380650552
140 0.0048369771380656823
145 0.0048369771380633083
150 0.004836977138064232
155 0.0048369771380628616
