iter obj
0 0.0068526356307143472
1 0.0066111749197926752
2 0.0064257404734196335
3 0.0052926756141281842
4 0.005712058980447127
5 0.0052325447910364364
6 0.0050070931311184926
7 0.005102100680324185
8 0.0055068359319695491
9 0.0049229516511203495
10 0.0050060892501038673
11 0.0048962655050205249
12 0.0053898855457564596
13 0.0050300745211237681
14 0.0049210486341347958
15 0.0048746784940824914
16 0.0049723271552874603
17 0.0048501156281406223
18 0.0048635952070167623
19 0.0048433511265489667
20 0.0048472889593642599
21 0.0048453167493696988
22 0.0048553803165942017
23 0.0048401732531921302
24 0.0048399982805075294
25 0.0048388748355694634
26 0.0048413717060875093
27 0.0048432713596949116
28 0.004837763229453145
29 0.0048493178814456367
30 0.0048399140014673565
31 0.0048379944952496893
32 0.0048394929192934061
33 0.004837150314148532
34 0.0048370926657657848
35 0.0048376634581391124
36 0.004837270776302402
37 0.0048379539619287882
38 0.0048370637008208674
39 0.0048371936815769798
40 0.0048370234263760614
41 0.0048370169179614434
42 0.0048370148631734474
43 0.0048372301615499883
44 0.0048370009338873183
45 0.0048369961510784862
46 0.0048374104652055992
47 0.0048370219645281964
48 0.0048370020974486221
49 0.004837153063661428
50 0.0048369825991587566
51 0.0048369907363102855
52 0.0048369822530504912
53 0.0048369837026259448
54 0.0048369805897300923
55 0.0048369814830767962
56 0.0048369816726954477
57 0.0048369823347200504
58 0.0048369795485187911
59 0.0048369851439380804
60 0.0048369867265366743
61 0.0048369837403277058
62 0.0048369795378256494
63 0.0048369804986958913
64 0.0048369781011652719
65 0.0048369842064722958
66 0.0048369773694364676
67 0.0048369774971053006
68 0.0048369773279456759
69 0.0048369791875420703
70 0.0048369779083487652
71 0.004836977218756121
72 0.004836977189429951
73 0.0048369771787667498
74 0.0048369772185952306
75 0.0048369771786474537
76 0.0048369771691756441
77 0.0048369772157976446
78 0.0048369771611691745
79 0.0048369771508047967
80 0.0048369771648332626
81 0.0048369771687304655
82 0.0048369771705303443
83 0.0048369771641753176
84 0.0048369771453539868
85 0.0048369771446135062
86 0.0048369772547199709
87 0.0048369771398357395
88 0.0048369771430196206
89 0.004836977149587412
90 0.0048369771573587078
91 0.0048369771414681862
92 0.0048369771401261105
93 0.0048369771408404184
94 0.0048369771389219513
95 0.0048369771396923602
96 0.004836977140243265
97 0.004836977138472991
98 0.0048369771399632651
99 0.0048369771382393342
100 0.0048369771384963378
101 0.0048369771384668891
102 0.0048369771381558185
103 0.0048369771387529554
104 0.0048369771382991509
105 0.0048369771383614691
106 0.0048369771381740088
107 0.0048369771381071265
108 0.0048369771381298297
109 0.0048369771381997165
110 0.0048369771381061508
111 0.0048369771381738657
112 0.0048369771380758217
113 0.0048369771381122778
114 0.0048369771382766298
115 0.0048369771382330068
116 0.0048369771380919217
117 0.0048369771380738545
118 0.0048369771380681178
119 0.004836977138080371
120 0.0048369771381235717
121 0.0048369771380808134
122 0.0048369771380903431
123 0.0048369771380735605
124 0.0048369771380648574
125 0.0048369771380700139
126 0.0048369771380643084
127 0.0048369771380642849
128 0.0048369771380640803
129 0.0048369771380691448
130 0.0048369771380633812
131 0.0048369771380651315
132 0.0048369771380632519
133 0.0048369771380633361
134 0.004836977138063212
135 0.004836977138063389
136 0.0048369771380629796
137 0.0048369771380635893
138 0.0048369771380630307
