iter obj
10 0.0105517031698635
20 0.00823534159618208
30 0.0069875709022833
40 0.00623274455954365
50 0.00575757314437293
60 0.00545184519343367
70 0.0052519675119773
80 0.00511978558446694
90 0.00503123887674077
100 0.00497129970049071
110 0.00493052064992312
120 0.00490247525751316
130 0.00488307702260937
140 0.0048695502602267
150 0.00486007732199803
160 0.00485341879206352
170 0.00484870110780025
180 0.00484536192982886
190 0.0048429655982283
200 0.00484130881635841
210 0.00484013198037677
220 0.00483928611503403
230 0.00483866806292479
240 0.00483821550401946
250 0.00483788277658657
260 0.00483763721070786
270 0.00483745563360038
280 0.00483732156067027
290 0.00483722229613966
300 0.00483714859168627
310 0.00483709366331334
320 0.00483705265868023
330 0.00483703040153528
340 0.00483701682146271
350 0.00483700677726527
360 0.0048369993101924
370 0.00483699375810219
380 0.00483698961354574
390 0.00483698651569752
400 0.00483698419560944
410 0.00483698245455849
420 0.00483698114824919
430 0.00483698016412716
440 0.00483697942307297
450 0.00483697886886338
460 0.00483697845235548
470 0.00483697813730266
480 0.00483697789871059
490 0.00483697771753189
500 0.00483697758006439
510 0.00483697747548761
520 0.00483697739580454
530 0.00483697733516166
540 0.00483697728888675
550 0.00483697725359522
560 0.00483697722662666
570 0.00483697720600095
580 0.0048369771902116
590 0.00483697717812254
600 0.00483697716885811
610 0.0048369771617505
620 0.00483697715629404
630 0.00483697715210054
640 0.00483697714887976
650 0.00483697714640165
660 0.00483697714449501
670 0.00483697714302901
680 0.00483697714189759
690 0.00483697714102552
700 0.00483697714035276
710 0.00483697713983369
720 0.00483697713943285
730 0.00483697713912306
740 0.00483697713888383
750 0.00483697713869901
760 0.00483697713855584
770 0.00483697713844498
780 0.00483697713835918
790 0.00483697713829275
800 0.00483697713824132
810 0.00483697713820138
820 0.00483697713817047
830 0.00483697713814647
840 0.00483697713812782
850 0.00483697713811334
860 0.00483697713810212
870 0.00483697713809339
880 0.00483697713808661
890 0.00483697713808133
900 0.00483697713807723
910 0.00483697713807404
920 0.00483697713807155
930 0.00483697713806962
940 0.00483697713806812
950 0.00483697713806695
960 0.00483697713806604
970 0.00483697713806532
980 0.00483697713806477
990 0.00483697713806434
1000 0.004836977138064
