iter obj
0 0.03989879213694187
1 0.038183085088695085
2 0.030862463636675882
3 0.02750477931780216
4 0.025133841004988583
5 0.0234374994907251
6 0.022149648254137979
7 0.021133863290230846
8 0.020307772504425978
9 0.019620155856783492
10 0.019035084808450481
11 0.018529560303191164
12 0.018086776828958841
13 0.017694453965499318
14 0.017343541785466515
15 0.017026883525090106
16 0.016738736200603174
17 0.016474730659097565
18 0.016231601770165322
19 0.016006486029997012
20 0.015797077736929295
21 0.015601616864234764
22 0.015418552205993563
23 0.015246336971076562
24 0.015083893031540905
25 0.014930249319938896
26 0.014784607457132436
27 0.014646212142559196
28 0.014514408253851462
29 0.014388603917437725
30 0.014268379294414229
31 0.014153233537692119
32 0.014042781247091895
33 0.013936671394580004
34 0.013834588589009286
35 0.013736210653206701
36 0.013641348981675428
37 0.013549766852269265
38 0.013461207804415459
39 0.013375479767863725
40 0.013292471177343531
41 0.013211958901826007
42 0.013133818482671677
43 0.013057905153387322
44 0.0129840982847487
45 0.012912301660637419
46 0.012842399531940211
47 0.012774284849809612
48 0.012707878312261786
49 0.012643090303139976
50 0.012579847178872576
51 0.012518087903244334
52 0.01245771796284547
53 0.012398698840474233
54 0.012340960993153639
55 0.012284450515435107
56 0.012229109601538659
57 0.012174903722725089
58 0.012121779983949371
59 0.012069698001254818
60 0.012018617072409607
61 0.011968512567928269
62 0.011919346844986398
63 0.011871083643250541
64 0.011823692364983809
65 0.011777141567405044
66 0.011731399286373389
67 0.01168643969516142
68 0.011642233488160196
69 0.01159875629319595
70 0.011555979608914415
71 0.01151388931422085
72 0.011472456127146514
73 0.011431663526752119
74 0.011391486673731955
75 0.011351909751476727
76 0.011312915447982965
77 0.011274490850417856
78 0.011236610411877236
79 0.011199271407633351
80 0.011162453957126641
81 0.011126144363425213
82 0.01109032801104075
83 0.011054991031884153
84 0.01102012146266426
85 0.010985706203581105
86 0.010951731268390032
87 0.01091819630096781
88 0.010885077518571692
89 0.010852370720177357
90 0.010820059278250896
91 0.01078813521726899
92 0.010756593005696764
93 0.010725421943424263
94 0.010694617251066428
95 0.010664166369024886
96 0.010634064382127432
97 0.010604301991389615
98 0.010574869405912422
99 0.01054576732681658
100 0.010516983142577303
101 0.010488507904539623
102 0.010460337586811606
103 0.010432464009472476
104 0.010404880867898298
105 0.010377583487825297
106 0.010350568092125362
107 0.010323829640383168
108 0.010297359811340001
109 0.010271156144905882
110 0.010245215087070672
111 0.010219528886475336
112 0.010194095951580866
113 0.010168915667140406
114 0.010143978216763185
115 0.010119281315093397
116 0.010094818451094667
117 0.010070587468766721
118 0.010046583117030747
119 0.010022804222401238
120 0.0099992435372319461
121 0.0099758986723802075
122 0.0099527669720235572
123 0.0099298446428124059
124 0.009907128654766565
125 0.0098846148531180136
126 0.0098623029254806989
127 0.0098401864429799365
128 0.0098182632738322406
129 0.0097965312459503424
130 0.0097749853037557271
131 0.0097536233740748643
132 0.0097324439749405228
133 0.0097114424785067748
134 0.0096906184433851843
135 0.0096699686534539604
136 0.0096494938699954597
137 0.009629187536239734
138 0.0096090494995742185
139 0.0095890777822713862
140 0.0095692683635209986
141 0.009549619349968971
142 0.0095301286041016026
143 0.0095107937014797146
144 0.0094916138137192442
145 0.0094725868260491317
146 0.0094537116112532252
147 0.0094349831495122178
148 0.0094164017671397367
149 0.0093979640257945401
150 0.009379671627243855
151 0.0093615206375535706
152 0.0093435106241457188
153 0.0093256376955609035
154 0.009307900214830106
155 0.0092902973171524062
156 0.0092728260536489651
157 0.0092554873750391245
158 0.0092382791818935422
159 0.0092212009683759633
160 0.0092042496428268363
161 0.0091874242548323267
162 0.0091707225546853698
163 0.0091541418051653625
164 0.0091376822415250442
165 0.0091213408491360223
166 0.0091051178709372557
167 0.0090890109216230346
168 0.0090730185340243321
169 0.0090571388183383703
170 0.0090413703364685388
171 0.0090257132587492055
172 0.0090101660365460232
173 0.0089947279779678084
174 0.0089793983255836395
175 0.0089641740448581364
176 0.0089490543932943707
177 0.0089340385835344795
178 0.0089191249036177454
179 0.0089043130844279617
180 0.0088896016405734003
181 0.0088749876283693938
182 0.0088604715468428418
183 0.0088460517269052449
184 0.0088317276283575927
185 0.0088174986818085593
186 0.0088033639813734285
187 0.0087893230744563646
188 0.008775373996925219
189 0.0087615168308433321
190 0.008747750722846068
191 0.0087340726172174046
192 0.0087204847375891899
193 0.0087069842909963443
194 0.008693571779545382
195 0.0086802465105400815
196 0.0086670053893026632
197 0.0086538500519199538
198 0.0086407782286207456
199 0.0086277893606940669
200 0.0086148835207379912
201 0.0086020589214583967
202 0.0085893149343094534
203 0.0085766501841217299
204 0.0085640652726196639
205 0.0085515579756172307
206 0.0085391279962557156
207 0.0085267751066974602
208 0.008514498022824727
209 0.0085022965692194384
210 0.008490169489495665
211 0.0084781170549197062
212 0.0084661381694211609
213 0.0084542331594531419
214 0.008442399480760563
215 0.0084306372239847886
216 0.0084189457132693903
217 0.0084073238048210062
218 0.0083957721130085566
219 0.0083842893622078519
220 0.0083728752566642837
221 0.0083615286833177444
222 0.0083502499097754413
223 0.0083390372961475116
224 0.0083278898661364714
225 0.0083168077379629796
226 0.0083057906965224026
227 0.0082948382746580503
228 0.0082839488236460691
229 0.008273122613379048
230 0.0082623591807293173
231 0.0082516569117335736
232 0.0082410161250924142
233 0.0082304362075825196
234 0.0082199161177959872
235 0.008209455986880174
236 0.0081990553864379548
237 0.0081887138491428587
238 0.0081784301777068826
239 0.0081682039510817157
240 0.0081580347271555144
241 0.0081479219918589724
242 0.0081378649594177916
243 0.008127863685706985
244 0.0081179174236442192
245 0.008108025770721285
246 0.0080981884439920229
247 0.0080884053068439321
248 0.0080786751669207294
249 0.0080689982033005144
250 0.008059373979595566
251 0.0080498021244390025
252 0.0080402819698021672
253 0.008030814280695452
254 0.0080213973233079355
255 0.0080120316046586419
256 0.0080027164029931857
257 0.0079934517430468918
258 0.0079842367092893534
259 0.0079750713197917818
260 0.0079659540961952643
261 0.0079568851289314527
262 0.0079478643512546892
263 0.0079388917853765312
264 0.0079299658792286246
265 0.0079210856647320953
266 0.0079122518179251568
267 0.007903463085385122
268 0.0078947201992164914
269 0.0078860220805022276
270 0.0078773685699922852
271 0.0078687587145895004
272 0.0078601915965834344
273 0.0078516678060414138
274 0.0078431866530088191
275 0.0078347479776197521
276 0.0078263513356628817
277 0.0078179968382527786
278 0.0078096837969894558
279 0.00780141137298719
280 0.0077931799982589615
281 0.0077849888744486572
282 0.0077768383073942996
283 0.0077687271912332051
284 0.0077606555709606676
285 0.0077526228455491028
286 0.0077446285029987875
287 0.0077366730385082247
288 0.0077287560522138407
289 0.0077208775695918278
290 0.0077130374456944005
291 0.0077052356750015368
292 0.0076974712745674434
293 0.0076897447939953704
294 0.0076820554866526818
295 0.0076744030121054562
296 0.0076667872515135231
297 0.007659208484080156
298 0.0076516659794266311
299 0.0076441586964060152
300 0.0076366873273173074
301 0.0076292518742376962
302 0.0076218517120212638
303 0.0076144867443790395
304 0.0076071564780098005
305 0.0075998608788420477
306 0.0075925994470277666
307 0.0075853719902140588
308 0.0075781781155484611
309 0.0075710184786487809
310 0.007563892190247056
311 0.0075567987946016891
312 0.0075497381392655846
313 0.0075427106885166077
314 0.0075357159863455115
315 0.0075287536730757826
316 0.0075218232378394525
317 0.0075149249062809991
318 0.0075080586274105963
319 0.0075012233945826907
320 0.0074944195873120935
321 0.0074876469580842523
322 0.0074809052042796031
323 0.0074741941018444417
324 0.007467513731594308
325 0.0074608639238001387
326 0.0074542443247646731
327 0.0074476543550230827
328 0.0074410943076569846
329 0.0074345634450298133
330 0.0074280619247702158
331 0.0074215890345313579
332 0.0074151451584874252
333 0.0074087302721924228
334 0.0074023437658409215
335 0.007395985425334625
336 0.0073896554533789145
337 0.0073833535698017974
338 0.0073770792984099477
339 0.0073708328774667944
340 0.0073646142343166939
341 0.0073584230273912856
342 0.0073522588791855746
343 0.0073461217564535766
344 0.0073400118548242856
345 0.0073339286981979673
346 0.0073278723926844484
347 0.0073218427446637971
348 0.0073158395306238411
349 0.00730986278747741
350 0.0073039123999663648
351 0.0072979883299914153
352 0.0072920898450133196
353 0.0072862167913902466
354 0.0072803691468743643
355 0.0072745473334021038
356 0.0072687504463969967
357 0.0072629783439263065
358 0.0072572311835280637
359 0.0072515087075802906
360 0.007245810470743146
361 0.0072401369437026684
362 0.0072344875471998076
363 0.0072288621708263912
364 0.0072232606523938165
365 0.0072176832177726791
366 0.0072121296129737406
367 0.007206599637285897
368 0.0072010925081315768
369 0.0071956083617376616
370 0.0071901471997292341
371 0.0071847089033466151
372 0.0071792932854266413
373 0.0071739000231793313
374 0.0071685295352071857
375 0.0071631811280356214
376 0.0071578548982791325
377 0.007152550943411236
378 0.0071472688364820356
379 0.0071420086051856005
380 0.007136769937454478
381 0.0071315527659329605
382 0.0071263565784880946
383 0.0071211814533833949
384 0.0071160279841339606
385 0.0071108955058082415
386 0.0071057835876026359
387 0.0071006923896757175
388 0.0070956219956799576
389 0.0070905718627142164
390 0.0070855419667482187
391 0.0070805322321313251
392 0.0070755424144689043
393 0.0070705725217006868
394 0.0070656226119575217
395 0.0070606924092967496
396 0.0070557820065118597
397 0.007050890936907599
398 0.0070460193822280675
399 0.0070411667328027939
400 0.0070363334105040184
401 0.0070315187288892637
402 0.0070267228306318472
403 0.007021945339375231
404 0.0070171864829197484
405 0.0070124463413396808
406 0.0070077243909572821
407 0.0070030206952021697
408 0.0069983352038935232
409 0.0069936676916847167
410 0.0069890180800124815
411 0.0069843863637422138
412 0.0069797724044181626
413 0.0069751761078524852
414 0.006970597170803592
415 0.0069660356207521586
416 0.0069614913245121049
417 0.0069569639138395874
418 0.0069524538233586416
419 0.006947960510180741
420 0.0069434840553588822
421 0.0069390239876009809
422 0.0069345804785424271
423 0.0069301535457402426
424 0.0069257437927032015
425 0.0069213504334010483
426 0.0069169739776876885
427 0.0069126140281551771
428 0.0069082701969726901
429 0.006903942781125323
430 0.0068996312357566709
431 0.0068953357004706874
432 0.0068910561100994621
433 0.0068867925491216684
434 0.0068825446966742391
435 0.006878312694359197
436 0.0068740960653170813
437 0.0068698950515456757
438 0.006865709641480036
439 0.0068615395349535266
440 0.0068573849873078798
441 0.0068532454582649859
442 0.0068491209799666367
443 0.0068450114606573315
444 0.0068409165587053336
445 0.0068368365200362647
446 0.0068327711167712815
447 0.0068287202014812448
448 0.0068246839463886834
449 0.0068206620927159659
450 0.006816655384372078
451 0.0068126628484444967
452 0.0068086845560967144
453 0.0068047204607934496
454 0.0068007706017528292
455 0.0067968347594350798
456 0.0067929128913820315
457 0.0067890048805459204
458 0.006785110719781909
459 0.0067812302171809643
460 0.0067773634765455146
461 0.0067735107197398085
462 0.0067696715230459959
463 0.0067658458367024256
464 0.0067620334681701465
465 0.006758234576681588
466 0.0067544488753413122
467 0.0067506762609317395
468 0.0067469165713847003
469 0.0067431698357450619
470 0.0067394358539266995
471 0.006735714603178334
472 0.0067320062060104427
473 0.0067283105298601587
474 0.0067246274343023844
475 0.0067209569399770686
476 0.006717298762131489
477 0.006713653025576435
478 0.0067100196869439221
479 0.0067063991435366921
480 0.0067027910513431637
481 0.00669919511178786
482 0.006695611274657929
483 0.0066920397082441347
484 0.0066884799636267719
485 0.0066849321550513027
486 0.0066813965141903561
487 0.0066778729025663737
488 0.0066743611249262518
489 0.0066708611558156869
490 0.0066673730673169705
491 0.0066638967437796471
492 0.0066604321809389704
493 0.0066569790232375459
494 0.0066535373352734368
495 0.0066501068792316513
496 0.0066466879364568635
497 0.0066432801499737622
498 0.0066398833304753633
499 0.0066364975939313649
500 0.0066331231910322693
501 0.0066297601346359753
502 0.006626408461586443
503 0.006623067971628204
504 0.0066197389974969123
505 0.0066164208876874015
506 0.006613113773233089
507 0.0066098178063347095
508 0.0066065329195104921
509 0.006603258759627635
510 0.0065999954842501478
511 0.0065967431831188677
512 0.0065935014023100133
513 0.0065902700479573296
514 0.006587049137792159
515 0.0065838384125317725
516 0.0065806382225339754
517 0.0065774482149403967
518 0.0065742686833710215
519 0.0065710992912985768
520 0.0065679400834609677
521 0.0065647909225849971
522 0.0065616517562663533
523 0.006558522404345497
524 0.0065554030333330807
525 0.0065522937103483616
526 0.0065491945329863898
527 0.0065461053017673645
528 0.0065430259494577321
529 0.0065399561448000344
530 0.0065368960634151936
531 0.0065338456092791279
532 0.00653080460922439
533 0.0065277732078833544
534 0.0065247510808897251
535 0.006521738388319368
536 0.0065187350933708808
537 0.0065157411233126468
538 0.0065127564406360578
539 0.0065097809069657731
540 0.0065068146813729629
541 0.0065038577014031622
542 0.0065009097825724669
543 0.0064979708705518871
544 0.0064950409128060309
545 0.0064921199753558648
546 0.0064892079857213937
547 0.0064863046735006433
548 0.0064834104804093497
549 0.0064805249851171143
550 0.006477648288133608
551 0.0064747802252904099
552 0.0064719207796321209
553 0.0064690700807136878
554 0.0064662283056074856
555 0.0064633951547483316
556 0.0064605706068593186
557 0.0064577546161867991
558 0.0064549473112728729
559 0.0064521486722707534
560 0.0064493587674975972
561 0.0064465773297747364
562 0.006443804241968892
563 0.0064410394676546953
564 0.0064382829807007125
565 0.0064355347246953052
566 0.0064327946576586475
567 0.0064300625641272816
568 0.0064273385679662811
569 0.0064246226447382988
570 0.0064219149328050311
571 0.0064192153891469142
572 0.0064165239327912023
573 0.0064138404541966478
574 0.0064111647404922539
575 0.006408496828919902
576 0.0064058366859928448
577 0.0064031842548248116
578 0.0064005393749492637
579 0.0063979022466330339
580 0.0063952726497151918
581 0.0063926509210598887
582 0.0063900367906386413
583 0.0063874302938518226
584 0.0063848314373610151
585 0.0063822400677376514
586 0.006379656062461261
587 0.0063770795543955459
588 0.0063745103993221273
589 0.0063719486486634768
590 0.0063693942669165553
591 0.0063668473806049912
592 0.0063643078237930386
593 0.0063617756042450083
594 0.0063592505685041807
595 0.0063567328392388047
596 0.006354222188602634
597 0.0063517186166395199
598 0.0063492221029990484
599 0.0063467325923719127
600 0.0063442500519020591
601 0.0063417744087141664
602 0.0063393057692063678
603 0.0063368440854024693
604 0.0063343893680408566
605 0.0063319414633226717
606 0.0063295004925598515
607 0.0063270663481102205
608 0.0063246390209426868
609 0.0063222185575164524
610 0.0063198047744225851
611 0.0063173977432559271
612 0.0063149973663738576
613 0.0063126036502750013
614 0.006310216632821752
615 0.0063078361234848532
616 0.0063054621682432426
617 0.0063030946694315818
618 0.0063007336330608617
619 0.0062983790633538298
620 0.0062960309547330073
621 0.0062936892130634791
622 0.0062913538591365618
623 0.0062890248012595611
624 0.0062867020022460531
625 0.0062843854778686283
626 0.0062820752535285044
627 0.0062797712255235946
628 0.0062774737070779973
629 0.0062751824244419944
630 0.0062728975379515734
631 0.0062706188148997609
632 0.0062683462793432423
633 0.0062660798729905981
634 0.0062638195416310841
635 0.0062615652841020025
636 0.0062593171473872226
637 0.0062570750890766297
638 0.0062548391128671339
639 0.006252609294976617
640 0.0062503855243507657
641 0.0062481676869186953
642 0.0062459559452914867
643 0.0062437502803191275
644 0.0062415504310826837
645 0.006239356538426874
646 0.0062371685065700962
647 0.0062349862646196245
648 0.0062328097489486268
649 0.006230639006121582
650 0.0062284739641001218
651 0.0062263147197469063
652 0.0062241610991580218
653 0.0062220131978433166
654 0.0062198707660958827
655 0.0062177341049346538
656 0.0062156030746474819
657 0.0062134775737905804
658 0.0062113575426456695
659 0.0062092431115475773
660 0.0062071341568538298
661 0.006205030641905941
662 0.0062029325201094871
663 0.0062008396995031669
664 0.00619875229860234
665 0.0061966702373961631
666 0.0061945935379560477
667 0.0061925221577132121
668 0.0061904559680189732
669 0.0061883950177510335
670 0.006186339232143203
671 0.006184288738810292
672 0.0061822433543904385
673 0.0061802034796861948
674 0.0061781687391528513
675 0.0061761393091478009
676 0.0061741149515670331
677 0.0061720956238829694
678 0.0061700814089474879
679 0.0061680721582594265
680 0.0061660680464589992
681 0.0061640689620262564
682 0.0061620749106515984
683 0.0061600858149634796
684 0.0061581016133553544
685 0.006156122406104329
686 0.0061541482612271839
687 0.0061521791309939351
688 0.0061502149283085578
689 0.0061482556549149678
690 0.0061463011296102443
691 0.0061443516057151891
692 0.0061424070533700956
693 0.0061404672784206721
694 0.0061385323520416306
695 0.0061366022530322016
696 0.0061346768340515131
697 0.0061327560865072836
698 0.0061308399631528395
699 0.0061289283944562381
700 0.0061270214957625524
701 0.0061251191030693647
702 0.0061232212520026998
703 0.0061213279909891017
704 0.0061194391791810311
705 0.0061175547892957424
706 0.0061156750714495556
707 0.0061137998053252566
708 0.0061119289121179697
709 0.0061100625330411523
710 0.0061082006714878127
711 0.0061063431324549205
712 0.0061044899236219917
713 0.0061026410805053201
714 0.0061007966505980575
715 0.0060989565185389713
716 0.0060971207075527657
717 0.0060952892350348981
718 0.006093462060675691
719 0.0060916391864758637
720 0.0060898205746094192
721 0.0060880061278642478
722 0.0060861959320052889
723 0.0060843900975398628
724 0.0060825884513755323
725 0.0060807910760084724
726 0.0060789978098958215
727 0.0060772087528463744
728 0.0060754239025919698
729 0.0060736434040182018
730 0.006071866954957727
731 0.0060700945521314853
732 0.0060683262568761165
733 0.0060665622919868602
734 0.0060648023506863586
735 0.0060630464054844384
736 0.0060612945471230735
737 0.0060595466312300655
738 0.0060578026597565299
739 0.0060560627071891771
740 0.0060543267527798771
741 0.0060525946610418208
742 0.0060508664094845264
743 0.0060491421160990665
744 0.0060474216785741334
745 0.0060457050876847164
746 0.0060439923572145234
747 0.0060422835216518535
748 0.0060405785346180872
749 0.0060388774563886636
750 0.0060371801436150466
751 0.0060354866172561408
752 0.0060337967105863989
753 0.0060321105982628813
754 0.0060304282219456381
755 0.0060287497591769764
756 0.0060270749865463874
757 0.006025403937246967
758 0.0060237365960857641
759 0.006022072834520332
760 0.0060204127193948008
761 0.0060187566588740908
762 0.0060171042164088974
763 0.0060154553517201212
764 0.0060138100619902823
765 0.0060121684473389177
766 0.0060105303987562607
767 0.0060088959092002674
768 0.006007264950858039
769 0.0060056374940837612
770 0.0060040136197959037
771 0.0060023933616451617
772 0.0060007766872796882
773 0.0059991634764827691
774 0.005997553837735879
775 0.0059959477601797245
776 0.0059943451311082023
777 0.0059927460278609472
778 0.0059911503935408724
779 0.0059895582767637272
780 0.0059879696262458097
781 0.005986384340046007
782 0.0059848025505049654
783 0.0059832241338570111
784 0.0059816491242536719
785 0.0059800775260619703
786 0.0059785093676314712
787 0.005976944570895204
788 0.0059753830631382506
789 0.005973825015469069
790 0.0059722703734816579
791 0.0059707192388531501
792 0.0059691714064194993
793 0.0059676268110780192
794 0.0059660854460504157
795 0.0059645473296930191
796 0.0059630125920791827
797 0.005961481181639942
798 0.0059599530206320616
799 0.0059584281118207931
800 0.0059569063943289528
801 0.0059553878509992593
802 0.0059538724889620755
803 0.0059523603331126705
804 0.0059508513352172871
805 0.0059493454687602624
806 0.0059478426938511823
807 0.0059463429793940583
808 0.0059448464084313349
809 0.0059433529540950068
810 0.0059418626705746921
811 0.0059403754428107918
812 0.0059388912307188051
813 0.0059374100647332975
814 0.0059359320456061175
815 0.0059344571144281785
816 0.005932985262596599
817 0.0059315163758754527
818 0.005930050563844335
819 0.0059285877777543071
820 0.005927128027316454
821 0.005925671360580048
822 0.005924217664560515
823 0.0059227669207430845
824 0.0059213191204610096
825 0.0059198742631739309
826 0.0059184322756503493
827 0.0059169932003730105
828 0.0059155571508539839
829 0.0059141239723802955
830 0.0059126936758895545
831 0.0059112664883425635
832 0.0059098423116690614
833 0.0059084210461482116
834 0.0059070025891031419
835 0.0059055871023571439
836 0.0059041746015236658
837 0.0059027649640617337
838 0.005901358136633816
839 0.0058999541965566709
840 0.0058985531048158339
841 0.0058971548166830588
842 0.0058957593584414722
843 0.0058943668030904421
844 0.0058929771038156598
845 0.00589159033701452
846 0.0058902065318841013
847 0.0058888255964996816
848 0.0058874474620820095
849 0.0058860720797152787
850 0.0058846994215544157
851 0.0058833295848567894
852 0.0058819624908502607
853 0.0058805981719907228
854 0.0058792365316198362
855 0.0058778776002585851
856 0.005876521362247613
857 0.0058751678712074505
858 0.0058738170256429122
859 0.0058724689343971357
860 0.0058711235200436954
861 0.0058697808040371205
862 0.0058684407478529609
863 0.0058671035995066087
864 0.0058657691950317632
865 0.0058644375382114885
866 0.0058631085467918623
867 0.0058617821876031113
868 0.0058604585055871787
869 0.0058591376749924807
870 0.0058578193920069983
871 0.0058565036471981769
872 0.0058551905384199264
873 0.0058538800352105737
874 0.0058525720656879407
875 0.0058512666268286367
876 0.0058499636849489453
877 0.0058486634075690658
878 0.0058473657336913492
879 0.0058460705815440769
880 0.0058447778954283987
881 0.005843487694518321
882 0.0058421999288615885
883 0.0058409146158132867
884 0.0058396317473386793
885 0.0058383513077336063
886 0.0058370733154111173
887 0.0058357978294932026
888 0.0058345248386997683
889 0.0058332543431040742
890 0.0058319862542328717
891 0.0058307205984132011
892 0.0058294574091150176
893 0.0058281965805088327
894 0.0058269381329711274
895 0.0058256820531357384
896 0.0058244283430520429
897 0.0058231771042397138
898 0.0058219285371468397
899 0.0058206823366955228
900 0.0058194384441920917
901 0.0058181968799321639
902 0.0058169577102574581
903 0.0058157208066973
904 0.0058144862191326346
905 0.0058132539652766659
906 0.0058120240030389188
907 0.0058107963910861418
908 0.0058095710966023081
909 0.0058083480545509641
910 0.0058071272606195984
911 0.0058059087240712312
912 0.0058046925399591297
913 0.0058034786582053643
914 0.0058022670386716994
915 0.0058010576747352998
916 0.0057998505319591127
917 0.0057986456242862128
918 0.0057974429234374895
919 0.0057962426186961178
920 0.0057950445863399523
921 0.0057938488178840347
922 0.0057926552574057936
923 0.0057914639735773205
924 0.0057902748939018117
925 0.005789088042126478
926 0.005787903469409739
927 0.0057867211236764787
928 0.0057855410121958302
929 0.0057843633094267028
930 0.0057831878303602428
931 0.0057820145790397496
932 0.00578084347242211
933 0.0057796745025410689
934 0.0057785076704943896
935 0.0057773429528874222
936 0.0057761803470710053
937 0.0057750198485209889
938 0.005773861409583865
939 0.0057727050806371995
940 0.0057715508770140346
941 0.0057703987730075351
942 0.0057692487575183183
943 0.0057681008151847521
944 0.0057669549435114889
945 0.0057658111182502759
946 0.0057646693084263834
947 0.005763529521172088
948 0.0057623917546076164
949 0.005761256024885638
950 0.0057601222791519701
951 0.0057589906322552129
952 0.0057578610657855866
953 0.005756733478044368
954 0.0057556078928918362
955 0.0057544843151296548
956 0.005753362729726646
957 0.0057522431726534807
958 0.0057511255875590537
959 0.0057500099921622234
960 0.0057488964986947659
961 0.0057477850945912151
962 0.005746675674383632
963 0.0057455684020286286
964 0.0057444631010819666
965 0.0057433597624411076
966 0.0057422584463619067
967 0.0057411590593507171
968 0.0057400615877765526
969 0.0057389661107261425
970 0.0057378725448256843
971 0.0057367808911520371
972 0.0057356911731439404
973 0.0057346033362505417
974 0.0057335174092306134
975 0.0057324334207356784
976 0.0057313512979190236
977 0.0057302710987849632
978 0.0057291927737957368
979 0.0057281163012202242
980 0.005727041699426655
981 0.0057259689838673623
982 0.0057248981252686886
983 0.0057238291071049548
984 0.0057227619797603725
985 0.0057216966853221073
986 0.0057206331924312803
987 0.0057195715301351282
988 0.0057185116805360857
989 0.0057174536360059666
990 0.0057163974345186622
991 0.0057153431611824653
992 0.0057142907632232393
993 0.0057132401388234827
994 0.0057121913242925773
995 0.0057111442920256559
996 0.0057100990054356994
997 0.0057090554968565743
998 0.0057080137967471557
999 0.005706973850897557
