47149 2775
8 0.165817
28 0.147408
31 0.119677
32 0.0817391
73 -0.0559986
127 -0.125089
167 -0.0206783
196 0.127455
212 0.0183044
224 0.0606322
225 -0.198861
231 -0.141036
242 -0.0590139
252 -0.106394
264 0.0809272
268 0.0276591
271 0.201153
288 -0.0505946
290 0.0969611
294 -0.0669459
297 0.320914
311 0.0975323
312 -0.0967806
313 -0.0733213
337 0.0589964
354 -0.0763913
370 0.326661
379 -0.124283
390 0.0106581
394 -0.172081
405 -0.0273155
414 -0.163198
418 0.121681
423 -0.0701281
440 0.168771
462 0.0470676
502 0.0538895
512 0.145293
523 -0.113993
543 0.0185547
562 0.10403
577 -0.261163
579 -0.222189
582 0.123181
584 0.100561
585 0.0574563
587 0.203545
655 0.104676
656 0.0152361
662 0.230254
667 -0.133916
669 -0.130695
701 -0.113871
722 -0.18472
730 0.0231868
756 -0.0168826
761 0.253727
770 0.0215327
798 -0.0731507
815 0.150049
826 0.0821939
831 0.0630076
864 -0.143738
899 0.0200815
913 0.0714564
915 -0.0888053
922 0.0860636
929 0.126707
944 0.0666434
948 -0.167373
970 0.467161
1069 0.0435969
1076 -0.128883
1095 0.168358
1225 -0.0855015
1276 -0.0507469
1277 -0.0622535
1281 0.102894
1297 -0.0408849
1309 0.0583856
1313 -0.0278999
1350 -0.0833897
1417 -0.0113073
1487 0.0873319
1498 -0.138689
1506 0.0856445
1523 0.0335897
1553 0.0343027
1582 0.0803552
1604 0.04951
1659 0.0583319
1681 0.163631
1684 0.0453874
1734 0.158112
1754 0.0745993
1756 0.056717
1797 -0.0849877
1893 0.0870581
1897 0.266784
1935 -0.126565
1956 0.00733743
1963 -0.321811
1976 0.0885102
1987 -0.0359948
2006 -0.237907
2013 0.0800007
2051 -0.413057
2073 0.453337
2095 -0.130166
2099 0.0759663
2118 0.159077
2120 0.114018
2121 0.166016
2123 0.0331468
2135 0.034071
2139 0.0929425
2148 -0.0665633
2152 0.00102352
2231 0.0567152
2232 -0.0733213
2273 0.0194792
2280 -0.0774441
2293 0.0392112
2298 -0.128694
2302 0.0466379
2322 0.0658723
2333 -0.0695088
2352 -0.0989189
2371 -0.0854373
2373 0.0580043
2381 0.0694999
2419 -0.165088
2453 -0.0933562
2461 -0.166554
2475 -0.153993
2510 -0.253694
2568 -0.0365233
2570 0.0455891
2575 -0.0495751
2584 0.0618134
2607 0.0983129
2636 -0.0570655
2643 0.038964
2650 0.143442
2653 0.193236
2659 0.0863634
2667 0.0901016
2681 -0.0760161
2778 -0.0815289
2788 -0.140096
2818 -0.122711
2825 0.0478277
2828 -0.0417587
2830 0.0361154
2838 0.0865312
2843 0.0616533
2845 0.10683
2846 0.221745
2847 0.100254
2875 -0.140193
2879 0.118664
2880 -0.219114
2884 -0.0648638
2899 0.0556608
2928 0.270707
2934 -0.114898
2936 -0.175053
2945 -0.0894317
2948 -0.232693
2954 0.235336
2963 0.134113
2964 0.0846172
2969 0.118437
2982 0.107279
2986 -0.109137
2992 -0.134137
3018 -0.121999
3022 -0.113394
3054 0.0814394
3074 0.065789
3240 -0.259286
3251 -0.174043
3260 0.0692841
3274 -0.0923034
3286 -0.0581954
3315 -0.129794
3351 -0.147004
3371 -0.142931
3406 0.0111992
3437 0.0335889
3505 -0.0351737
3557 0.0569763
3574 -0.312975
3583 0.122498
3643 -0.0676702
3684 0.0526784
3693 -0.376563
3729 0.0721472
3746 -0.252621
3751 -0.111267
3763 0.0768747
3767 -0.303599
3773 -0.165662
3799 0.151217
3816 -0.00899561
3817 0.0367694
3824 0.144324
3857 -0.123502
3900 0.00232713
3933 0.0262523
3939 -0.122163
3974 0.0978044
4021 0.00530965
4028 -0.179757
4099 0.0793137
4125 -0.231456
4148 -0.130743
4178 -0.0988319
4180 0.11707
4188 -0.0954871
4208 0.125059
4217 0.0841677
4237 -0.202338
4254 0.0969321
4271 -0.0295026
4282 0.00294325
4311 0.0131085
4328 -0.107507
4353 0.205065
4459 -0.0606142
4554 0.0656384
4557 -0.17473
4567 -0.165832
4600 0.290305
4621 -0.118783
4649 0.122274
4665 -0.105085
4672 0.507039
4710 0.0884142
4799 0.322124
4811 -0.167976
4852 -0.114966
4881 -0.0218702
4922 -0.10243
4935 -0.0855306
4948 0.0189412
4950 -0.0425377
4985 0.0818906
4990 -0.120161
4994 -0.0752735
5045 0.00461285
5058 -0.0824148
5089 0.0566749
5179 -0.0275971
5186 -0.0982436
5188 -0.180675
5199 -0.131015
5241 0.0395389
5254 -0.0771672
5261 -0.278787
5280 -0.111721
5290 0.060172
5300 -0.0306048
5311 -0.0839233
5351 0.171964
5362 -0.124765
5374 0.193417
5376 -0.0239739
5394 0.0829674
5410 0.0748739
5411 -0.0546864
5429 -0.337594
5458 0.0189379
5461 0.0461332
5465 -0.134457
5506 -0.0417759
5538 0.0446641
5540 0.488399
5552 0.145313
5555 0.335709
5560 0.0873449
5566 -0.0715133
5573 0.109846
5582 0.111589
5585 -0.0141187
5588 -0.0888904
5596 0.0972645
5614 -0.0701563
5631 -0.32531
5651 0.0932658
5681 0.24718
5689 0.0678717
5699 -0.0714832
5708 0.156566
5710 -0.0286042
5714 0.313726
5715 0.192432
5731 -0.266092
5734 0.285505
5744 -0.136921
5757 -0.292282
5759 0.00134463
5794 0.160472
5797 0.0533367
5804 0.10851
5808 0.0959505
5814 -0.12021
5835 -0.1464
5869 -0.107105
5873 0.609663
5881 0.0689123
5900 0.109034
5945 -0.420859
5990 -0.110177
5992 -0.0390293
6022 0.0571412
6024 0.0145923
6030 -0.1944
6052 -0.179336
6077 0.0439517
6093 -0.128635
6094 -0.0311414
6099 0.123441
6140 0.111688
6143 -0.0881068
6164 0.22458
6171 0.0757362
6182 0.112262
6188 0.0736601
6212 -0.120982
6222 -0.101392
6294 -0.112664
6295 0.163742
6307 -0.0407485
6415 -0.0767264
6437 0.0753044
6450 -0.114376
6462 0.198845
6478 -0.0792187
6492 -0.185966
6499 -0.157975
6518 -0.0746242
6519 0.0213013
6524 -0.059311
6580 -0.0373359
6582 0.0653263
6583 0.241251
6585 0.119078
6592 0.0687491
6601 0.154108
6630 -0.175772
6631 0.0337209
6634 0.564717
6662 0.238711
6679 0.0906579
6680 -0.0483668
6691 0.0618566
6694 -0.0866346
6725 0.0484543
6742 0.0932161
6773 -0.00439653
6814 -0.13326
6821 0.125783
6850 -0.0665722
6892 0.0994691
6899 -0.108728
6926 0.102756
6929 -0.0168996
6932 -0.324182
6933 -0.0999914
6978 0.101856
7017 -0.0487245
7059 0.0705519
7069 0.0867691
7100 -0.100073
7117 -0.197444
7119 0.088765
7147 -0.102934
7152 -0.0107169
7174 0.121704
7195 0.0618216
7213 -0.116601
7220 0.154395
7296 0.185782
7301 0.189332
7311 -0.21411
7315 0.107587
7330 -0.119362
7333 -0.0579278
7338 -0.0916207
7340 -0.10873
7342 0.0737608
7356 -0.0431697
7361 0.123203
7366 0.0875186
7385 0.0396068
7395 0.178048
7421 -0.15999
7459 -0.102513
7465 0.142738
7504 -0.211704
7522 0.297977
7534 -0.269259
7555 0.0707283
7568 0.126325
7596 0.112487
7606 0.0224009
7619 0.12541
7621 0.160213
7632 -0.239291
7633 0.122123
7655 0.152729
7677 -0.334243
7696 0.286241
7700 0.189921
7729 -0.0649517
7750 0.0398672
7763 0.0167056
7786 0.171897
7789 0.0537219
7803 0.412873
7815 -0.095576
7833 0.0507692
7871 0.361468
7877 0.0596336
7908 0.0829938
7934 -0.154717
7936 0.0766919
7949 -0.335602
7952 0.341366
7958 0.0452394
7960 -0.117372
7965 -0.0713399
7975 -0.0328937
7976 0.0431887
7990 0.0863386
8009 -0.105857
8038 0.13372
8045 0.0230236
8046 0.0262197
8061 0.0584033
8072 -0.0801101
8104 -0.0571798
8114 -0.0417695
8116 0.0393216
8123 -0.146613
8125 0.110582
8136 0.0431509
8138 0.0632638
8145 -0.604311
8152 0.102858
8153 -0.134696
8162 -0.156085
8187 -0.143951
8265 -0.142107
8274 -0.0986655
8296 0.122983
8315 -0.330444
8361 0.110034
8363 -0.277249
8387 -0.0819813
8394 0.13042
8400 0.238951
8403 0.233149
8421 -0.160075
8423 -0.136613
8428 0.0710884
8435 0.0976667
8440 0.0684831
8467 0.0287866
8469 0.0288207
8471 0.0541544
8475 0.123794
8492 0.220364
8493 0.0304652
8497 -0.405238
8513 0.0479921
8522 -0.0242822
8524 0.0727283
8539 -0.0720961
8544 0.0675094
8562 -0.12048
8564 0.478778
8566 -0.0617784
8580 0.108933
8585 -0.112804
8587 -0.0387522
8589 -0.10258
8592 -0.278303
8605 0.107145
8609 0.626192
8617 0.45477
8632 0.364014
8638 0.0562993
8644 0.0305435
8646 -0.00973605
8647 0.0851776
8654 0.0719507
8656 -0.436614
8659 0.0683806
8660 0.00809913
8674 0.106169
8675 0.204188
8701 0.182607
8704 0.0245686
8706 0.131127
8708 0.127147
8730 0.108122
8756 0.118846
8759 -0.0336518
8765 0.133983
8768 -0.0486638
8771 0.106389
8776 -0.101729
8787 -0.0999329
8788 0.0927135
8805 0.0507604
8828 -0.0165453
8835 0.0080808
8840 -0.147367
8843 0.252888
8855 0.119871
8857 0.161418
8885 0.011616
8897 0.034578
8901 0.308596
8904 -0.15798
8915 -0.0770285
8922 0.164893
8927 0.0867608
8937 0.0499623
8940 0.0178765
8948 -0.0884243
8951 0.031697
8952 0.0127659
8955 -0.0580882
8967 -0.0422908
8972 -0.0529282
8978 0.0579062
8994 0.200458
9005 -0.0852863
9006 0.0735285
9008 -0.0620332
9055 0.0261127
9059 0.112144
9083 -0.103858
9106 0.3916
9107 0.146217
9121 0.0169903
9124 0.0123213
9136 -0.112524
9152 -0.115677
9184 0.0287866
9192 0.167738
9198 -0.115088
9227 -0.176487
9233 0.0927663
9242 0.0798514
9257 0.142711
9265 0.0789921
9273 -0.0284932
9276 -0.0778149
9303 0.17865
9306 0.0472278
9326 0.186633
9331 -0.242064
9340 0.135042
9357 -0.0567894
9358 -0.0608328
9400 0.0307471
9405 0.298435
9412 0.163576
9434 0.0930052
9453 0.0196931
9465 -0.186032
9467 -0.0486638
9484 -0.119719
9516 -0.00244286
9520 0.234282
9540 -0.0582448
9543 -0.0524404
9557 -0.358431
9566 -0.0788179
9639 0.199593
9650 -0.0230431
9680 -0.0813222
9691 0.0805793
9692 0.0536434
9699 0.171557
9720 -0.0560217
9728 0.0469158
9731 0.480516
9749 -0.0942011
9759 0.128711
9761 -0.100641
9793 0.0625677
9810 -0.0723121
9811 0.0682499
9817 0.0249114
9842 -0.0704219
9887 0.122508
9927 -0.198602
9946 0.21428
9960 -0.400618
9976 -0.00644939
9992 -0.14861
9999 0.0271048
10014 0.053629
10060 -0.121109
10119 0.226265
10131 0.166688
10136 -0.0837412
10180 -0.266154
10182 -0.493922
10193 0.0813918
10228 -0.0154336
10234 -0.118209
10242 -0.136815
10250 -0.10691
10256 0.00289683
10264 -0.213155
10276 0.115893
10281 0.305648
10286 0.0435947
10288 -0.0704649
10293 0.0146104
10306 -0.0975478
10317 0.343948
10324 0.0777535
10326 -0.0298598
10329 0.0508495
10334 0.0977449
10341 0.0250807
10351 0.0500093
10363 0.0611363
10386 -0.0923034
10387 -0.104678
10394 0.0254326
10398 0.155007
10422 0.0580108
10454 0.0604091
10468 0.0999353
10475 0.0555532
10492 -0.06103
10499 -0.0675885
10521 0.151677
10541 0.0677215
10547 -0.112867
10551 0.032393
10598 -0.0916207
10609 0.0445833
10612 0.0410972
10621 0.153883
10623 -0.00803368
10629 -0.12859
10636 0.166186
10645 -0.00467195
10650 -0.240478
10658 0.0679794
10669 0.047689
10671 0.0598802
10701 -0.0884421
10709 0.0897757
10711 -0.063156
10717 0.0861831
10741 -0.0377649
10746 -0.0687647
10753 0.0131034
10756 0.0784615
10761 -0.132221
10773 0.0189773
10800 0.350571
10824 -0.130856
10842 0.030627
10865 -0.226801
10939 -0.105328
10944 0.0333561
10953 -0.049517
10964 -0.0744751
10969 -0.0775322
10986 0.125018
11028 0.0801834
11047 0.0788391
11067 0.0628639
11072 -0.198244
11073 -0.0714018
11079 0.183427
11100 0.169244
11101 -0.183058
11109 -0.133916
11129 0.0959794
11141 0.514493
11145 -0.0665722
11156 0.00541025
11187 0.0964469
11194 -0.177937
11199 0.0255523
11218 0.0431064
11244 -0.0705997
11249 -0.136232
11252 0.060848
11256 -0.0953384
11259 0.0567109
11264 0.0924482
11268 0.019473
11272 0.173258
11290 0.178804
11295 0.0830252
11300 0.0633127
11307 0.0787386
11308 0.322516
11318 -0.134614
11375 0.0686122
11386 0.0290344
11428 0.0609511
11432 0.0631706
11434 0.110709
11436 0.179203
11440 -0.0991738
11452 -0.0422353
11460 -0.252339
11466 -0.359978
11485 0.346718
11488 0.0173357
11502 -0.0330973
11620 0.031415
11626 -0.0529565
11628 -0.104584
11646 -0.449678
11659 -0.14039
11679 0.150272
11683 -0.0799762
11711 -0.0893411
11726 0.151985
11732 -0.0876712
11734 0.0957936
11744 -0.0834026
11780 -0.0262112
11783 -0.0724074
11788 0.0623188
11791 0.00472738
11807 0.278786
11813 -0.0274329
11848 0.115178
11874 0.0452427
11881 0.117387
11908 0.0748239
11933 -0.118092
11980 -0.163278
12033 -0.000761159
12072 0.0964953
12087 0.361468
12119 0.0611952
12123 0.156933
12125 0.153686
12132 -0.110329
12137 -0.152917
12140 -0.0704324
12144 0.0376832
12153 0.0750328
12157 0.120571
12158 0.0656494
12159 0.0283509
12166 0.0631969
12213 -0.200727
12219 0.241664
12257 0.0967325
12271 -0.169954
12289 0.0570751
12293 0.059499
12315 -0.00515667
12318 -0.0645618
12352 0.148627
12358 -0.0387963
12404 0.127501
12437 0.116223
12464 0.118693
12491 -0.0380019
12510 -0.148989
12518 -0.0200962
12522 -0.142548
12538 -0.128007
12564 0.042893
12574 -0.0575777
12575 0.0199403
12621 -0.111168
12688 0.071245
12692 0.116386
12702 -0.0710608
12711 0.555474
12718 0.18685
12755 0.0519298
12764 0.148984
12786 0.0180812
12814 -0.033272
12821 -0.137421
12854 -0.0815936
12857 0.0209129
12889 0.368342
12891 -0.0862608
12893 0.0176168
12894 0.0643266
12901 0.0335508
12912 0.0391542
12916 -0.0764697
12940 -0.443447
12960 0.004428
12966 0.0314028
12971 0.151385
12972 0.101338
12981 0.0599103
12983 0.167001
12984 0.0731666
12997 0.0341898
13010 0.112143
13034 0.127046
13081 0.170586
13082 -0.206058
13094 -0.0313936
13121 -0.234314
13130 -0.211071
13155 0.123209
13156 -0.163127
13160 -0.125173
13176 0.0436669
13215 -0.0651051
13291 0.136866
13309 0.0351724
13313 -0.0382443
13421 0.157754
13427 -0.0357988
13472 -0.110691
13478 -0.143489
13481 0.0443835
13487 0.127085
13498 -0.0158104
13530 0.0834793
13538 -0.0925582
13539 0.0896812
13540 0.0214198
13544 0.110765
13547 -0.169492
13549 0.0105729
13550 0.0936057
13559 0.101811
13573 0.318528
13577 0.15947
13579 0.0650689
13593 -0.165299
13602 -0.137334
13607 0.028981
13620 0.625229
13627 -0.00504002
13632 0.0317416
13636 -0.103293
13638 0.196233
13641 0.0334873
13653 0.189784
13654 0.0539942
13658 0.155443
13663 0.12687
13671 -0.0331251
13685 0.089604
13703 -0.141994
13715 -0.185808
13717 -0.105523
13770 -0.0881766
13778 0.0218456
13785 0.053157
13786 -0.0653342
13787 -0.100558
13791 0.0884321
13807 -0.146633
13820 -0.115697
13821 -0.0412699
13823 -0.0328555
13861 -0.147498
13869 -0.0953861
13873 0.0438874
13874 0.148498
13881 0.10795
13913 -0.107983
13928 0.340754
13961 0.10298
13968 0.104845
13974 0.194256
13998 -0.0245297
14006 -0.0414591
14008 0.0820651
14057 -0.175513
14067 0.0199053
14070 -0.0819176
14076 0.0118239
14082 0.238302
14084 -0.0573519
14085 0.0531431
14097 0.146364
14110 -0.205193
14115 -0.0524617
14143 -0.246909
14146 0.0980187
14166 0.179027
14236 -0.130695
14238 0.109762
14241 -0.113394
14254 -0.0750847
14281 0.0827148
14288 0.0673441
14331 -0.08656
14338 0.155291
14381 0.0385661
14384 0.353035
14405 0.0674113
14407 -0.114651
14422 0.0411676
14457 0.000241646
14476 0.23154
14487 -0.0399005
14493 0.0776535
14508 -0.0580115
14528 -0.392298
14532 -0.0618446
14547 -0.184382
14572 0.050401
14575 -0.257361
14591 0.0813729
14598 0.115085
14609 0.0622408
14613 0.099464
14633 0.17778
14648 0.0482612
14654 0.0774464
14680 0.0479454
14681 -0.073692
14694 0.032517
14712 -0.113642
14716 0.0596043
14717 -0.177828
14756 -0.0721893
14764 -0.0957512
14769 0.100653
14780 0.0689519
14786 0.130928
14816 -0.0432048
14823 0.149043
14830 0.00434027
14844 0.265478
14878 -0.0801279
14887 0.0274445
14922 -0.146383
14934 -0.123598
14939 -0.121686
14941 -0.0968528
14961 -0.0596377
14963 -0.148676
14965 -0.0190207
14977 -0.0534402
15017 -0.0739713
15021 -0.0667634
15027 0.11286
15030 0.0771845
15048 -0.0535631
15074 -0.124525
15093 -0.0844086
15095 -0.0768057
15101 -0.170278
15138 -0.0349954
15142 -0.180433
15152 0.0571534
15165 -0.126311
15169 -0.225848
15196 -0.199229
15203 -0.0461255
15211 -0.0801165
15224 0.0966761
15234 -0.282002
15242 0.0500379
15273 0.0934663
15279 0.154509
15294 0.0733929
15301 0.297111
15302 -0.0408149
15306 -0.123815
15322 0.0650673
15326 -0.102806
15358 -0.0845387
15361 0.129212
15430 -0.458572
15456 0.0233159
15477 -0.146574
15507 0.05035
15514 0.136068
15550 0.123519
15588 0.00404952
15610 0.123496
15628 -0.155436
15655 0.0912274
15670 0.115431
15722 0.147349
15728 -0.190315
15798 0.0742302
15802 -0.0839166
15837 -0.262438
15855 0.105454
15894 -0.0348234
15896 0.0452577
15956 -0.0990531
15999 0.191191
16021 -0.1318
16022 -0.137265
16108 0.0714404
16133 0.0350431
16166 0.0975238
16174 -0.16393
16179 -0.121299
16213 0.0517697
16219 0.128843
16231 -0.148238
16258 0.0287442
16271 0.0598448
16338 -0.669518
16350 0.180737
16359 0.103673
16395 0.388793
16404 0.0646989
16495 -0.186911
16499 -0.0537681
16504 0.126689
16529 0.0188004
16541 -0.0747101
16547 0.0515662
16563 -0.152189
16585 0.0265993
16593 0.355029
16607 0.0572708
16618 -0.146321
16647 0.0405053
16653 -0.108728
16656 -0.0365371
16671 -0.0999532
16680 -0.0844949
16681 -0.0468851
16704 -0.0942011
16719 -0.0882947
16727 -0.159297
16789 0.180233
16793 0.0683969
16798 -0.0845755
16809 0.485684
16813 0.30977
16816 0.24081
16837 0.0239111
16882 -0.230877
16883 0.077328
16886 0.103759
16893 0.0971624
16894 0.0414258
16895 0.0264365
16912 0.115014
16942 -0.224842
16961 -0.139117
16976 -0.131667
16985 -0.0941893
17057 -0.124339
17064 0.119024
17076 0.123127
17126 0.188398
17225 0.0628445
17227 0.0612271
17272 0.37514
17283 0.0804343
17307 0.0572293
17313 -0.276419
17340 -0.0976247
17355 0.0639912
17362 0.26427
17363 -0.0125506
17379 0.118693
17381 -0.0554958
17402 -0.0792513
17460 -0.0402236
17468 0.138666
17492 -0.0738053
17537 -0.00577349
17540 -0.0856931
17541 0.145597
17548 -0.117137
17566 -0.062838
17590 0.136462
17606 -0.407409
17617 0.0519298
17623 0.14889
17675 -0.0702053
17730 -0.38272
17734 0.209618
17750 -0.00760396
17762 -0.214872
17776 0.112262
17777 0.1383
17778 0.0748646
17787 -0.0637951
17794 -0.0267607
17800 -0.200657
17807 0.0717105
17811 -0.12662
17823 -0.109977
17830 -0.0937089
17866 -0.0738134
17871 -0.416637
17890 -0.00933927
17923 -0.15949
17963 -0.193927
17983 0.0445061
17998 0.128964
18034 -0.0739429
18036 -0.0847062
18150 -0.412715
18154 -0.118297
18179 0.0873449
18209 -0.149276
18217 -0.135706
18230 0.0682611
18269 -0.227352
18271 -0.105348
18273 0.0475443
18294 0.100137
18309 0.110512
18319 -0.0739914
18355 -0.173806
18378 -0.261609
18399 0.236213
18409 0.0298353
18424 0.258144
18450 0.0864468
18474 0.129589
18497 0.0383317
18527 -0.0413741
18544 0.0872627
18562 0.0738649
18582 0.125181
18587 0.0361262
18590 -0.0619508
18591 0.0816315
18595 -0.0446575
18615 -0.0390465
18618 0.0390192
18621 0.0803319
18658 -0.16393
18698 0.196476
18722 0.0894358
18741 0.0903588
18753 0.159667
18754 -0.165222
18761 -0.0932621
18799 0.277905
18803 -0.133482
18804 -0.0982337
18809 -0.0631758
18815 -0.204158
18825 -0.162671
18840 0.0844788
18924 -0.137106
18977 0.3585
18988 -0.263451
19026 -0.137445
19050 -0.145421
19055 0.0385744
19062 -0.048902
19064 -0.142002
19123 0.0412583
19178 -0.0779307
19201 0.0561852
19204 0.0537872
19207 -0.124283
19224 0.120996
19241 -0.0174818
19250 0.0729064
19263 0.173143
19278 -0.107595
19286 0.063117
19308 0.0265475
19353 0.249864
19359 -0.100304
19364 -0.0169025
19373 -0.102049
19375 0.0828896
19401 -0.0240369
19411 0.0706723
19447 0.167858
19451 0.163131
19460 0.12389
19472 0.442567
19483 -0.0242408
19484 0.113083
19508 -0.0056733
19514 -0.838869
19518 -0.0755149
19519 -0.0754183
19523 -0.260698
19524 0.174275
19545 0.160089
19557 0.0655076
19585 -0.180627
19606 -0.144816
19646 0.0300913
19652 -0.024369
19654 0.0945758
19660 -0.00972575
19661 0.0686122
19678 0.0230706
19691 -0.0958229
19692 0.0589683
19727 0.0865796
19755 0.212725
19759 0.0185471
19813 0.180835
19818 -0.162101
19848 -0.29597
19852 0.124178
19853 0.160366
19867 0.101678
19873 0.0585484
19886 0.074064
19893 -0.196729
19899 0.0600168
19901 -0.309551
19907 -0.121164
19911 0.0235501
19912 0.0565334
19913 0.0634726
19917 0.0396699
19946 -0.307742
19960 -0.232447
19983 0.0870125
19997 0.213958
20013 0.0848996
20036 0.0175208
20037 0.0591693
20086 0.154998
20104 -0.0417369
20108 -0.236071
20116 0.241198
20141 -0.02894
20155 -0.292587
20179 -0.158383
20181 -0.147723
20190 0.13443
20213 -0.0185501
20221 -0.122617
20223 0.0509801
20231 0.0850652
20335 -0.101006
20339 0.0243137
20356 -0.102354
20371 -0.048642
20399 0.138062
20401 0.14048
20407 -0.133093
20413 0.377141
20466 -0.102222
20467 -0.155681
20513 0.163391
20516 -0.074165
20576 0.0279078
20605 -0.0521533
20618 -0.000972795
20634 0.0824801
20653 0.272013
20656 0.00671259
20752 0.110257
20764 0.062873
20862 -0.226789
20864 0.132323
20865 -0.100304
20868 0.094074
20890 -0.415839
20894 0.0311512
20900 -0.079779
20947 0.0580743
20951 0.101963
20960 0.106878
20971 0.228113
20978 0.112057
20982 0.0180033
20986 0.0670203
20988 0.294225
21005 -0.101981
21008 0.0657156
21010 -0.199912
21020 -0.107932
21041 0.0577878
21045 0.000348177
21065 -0.0671341
21066 -0.0945485
21102 -0.152479
21142 -0.0861703
21154 0.0785116
21159 0.356054
21174 0.327159
21177 -0.0379145
21186 0.596168
21201 -0.0557468
21210 0.0904904
21237 0.104852
21312 0.104509
21444 -0.0663652
21455 0.107127
21567 0.118693
21632 0.295173
21724 -0.0899155
21745 0.0405627
21784 -0.193182
21787 0.0714157
21813 0.129534
21816 -0.0856931
21821 -0.0437584
21828 0.263019
21897 -0.0241618
21913 -0.035251
21999 0.120188
22029 0.106393
22032 -0.238642
22074 0.078819
22083 0.0673486
22096 -0.107806
22109 0.145597
22118 0.0503043
22128 -0.0653546
22132 -0.143902
22174 0.0592092
22219 0.0404136
22228 0.109762
22272 0.0617712
22277 0.102644
22307 0.0950847
22320 0.250069
22323 0.202356
22350 0.102169
22355 0.0183485
22360 -0.0793768
22367 0.271527
22437 0.368262
22449 -0.0410538
22478 -0.117968
22494 -0.225141
22503 0.0386536
22512 0.123203
22560 -0.144767
22561 -0.237585
22562 -0.167285
22635 -0.165002
22747 0.0675446
22826 -0.0288626
22852 0.14917
22853 0.333238
23057 0.0422874
23058 -0.117713
23082 -0.125552
23086 -0.149606
23098 -0.104223
23103 -0.122387
23116 -0.0453064
23120 -0.0392723
23153 0.0904507
23201 0.104927
23253 0.119896
23272 -0.0262112
23323 0.24031
23340 -0.15036
23366 0.120327
23373 0.0420989
23383 -0.102568
23409 0.192721
23413 0.0587192
23446 0.074369
23467 0.0378262
23471 0.115014
23509 -0.110675
23516 -0.164739
23525 0.0287672
23532 -0.0620581
23537 -0.0704212
23540 0.00601908
23543 0.0372063
23550 -0.0417512
23577 -0.0922209
23578 -0.452794
23586 -0.133206
23599 0.123116
23604 -0.233353
23607 0.0458638
23620 0.0459836
23628 0.00645939
23684 0.228584
23701 -0.144411
23710 -0.0903883
23716 0.0267431
23754 0.190245
23762 -0.156835
23766 -0.0666561
23801 -0.134099
23803 0.200473
23811 0.119272
23866 0.0315587
23869 -0.32126
23875 -0.208372
23885 0.0481651
23906 0.0238195
23907 0.259314
23933 -0.274742
23940 0.151352
23946 -0.0409295
23958 -0.102905
23965 -0.187753
23972 -0.0199027
23992 -0.164106
23993 0.0734011
24029 -0.128952
24042 -0.0873361
24058 0.199329
24068 -0.119463
24081 0.165325
24117 -0.0757931
24138 0.184821
24173 0.194973
24178 -0.142423
24185 -0.0834742
24216 -0.0420982
24220 0.104814
24231 -0.274503
24253 0.0382507
24256 0.370081
24261 0.0617948
24270 -0.0617557
24271 0.226569
24276 -0.10432
24300 -0.0820943
24316 0.0653417
24350 0.158081
24356 0.172468
24372 -0.105244
24387 -0.14318
24389 0.139467
24428 -0.415158
24432 0.329964
24437 -0.21318
24438 -0.0232351
24452 0.074143
24458 -0.158181
24479 -0.176925
24542 0.111609
24572 -0.129707
24642 -0.0289158
24665 0.0513601
24697 0.0619839
24768 -0.221097
24770 0.153575
24809 0.112487
24811 -0.134457
24829 0.158133
24871 0.286187
24892 -0.086333
24939 -0.207444
24961 0.148768
25010 -0.260733
25027 -0.128177
25030 0.218849
25035 -0.0192
25040 0.193116
25047 0.151914
25048 0.0993219
25067 0.0983319
25072 -0.0447237
25081 0.385581
25134 0.0812497
25137 0.25785
25163 -0.0978114
25174 0.186556
25219 -0.225141
25226 0.534286
25245 0.0927604
25248 -0.17458
25286 0.118096
25296 -0.162404
25357 0.11311
25393 -0.0370221
25418 0.0414567
25454 -0.0966771
25483 0.0782997
25490 -0.0690092
25501 0.00955456
25503 -0.0601248
25506 0.167588
25558 0.276376
25575 0.144315
25604 0.144072
25657 -0.138917
25664 -0.248841
25673 0.0821756
25674 0.0553417
25678 0.0528319
25699 -0.0991371
25713 0.0985824
25716 -0.0798321
25720 0.0554494
25777 0.0255481
25830 -0.0141327
25846 0.221136
25854 -0.0934914
25867 0.225891
25896 0.109762
25995 0.0849834
26096 0.140398
26100 0.0738569
26106 0.392638
26107 -0.0842984
26141 -0.152234
26146 -0.125173
26150 -0.049791
26152 -0.0753466
26159 0.164571
26176 -0.107574
26194 -0.185707
26211 0.167758
26245 -0.210655
26304 -0.158424
26314 0.102197
26324 -0.0912952
26362 -0.0796879
26380 -0.186465
26384 0.0607977
26385 0.291943
26388 0.0640039
26395 -0.110296
26459 0.0475396
26462 -0.190175
26493 -0.0988748
26505 -0.17383
26535 -0.334984
26548 0.108283
26589 0.106181
26638 0.0868139
26647 0.0976336
26658 -0.0360361
26660 -0.0438338
26702 0.18783
26762 -0.187594
26778 0.0469294
26781 -0.200848
26792 -0.00121635
26805 0.541878
26806 -0.117296
26815 0.158035
26854 0.0412404
26860 -0.0521134
26875 0.202077
26884 0.0753472
26888 0.0409979
26892 0.0258366
26907 -0.147012
26922 0.0850445
26924 -0.0683795
27007 -0.19608
27017 -0.222149
27019 -0.0811115
27020 -0.0581539
27040 0.142009
27056 0.207363
27058 0.220495
27069 -0.156455
27092 0.109733
27093 0.129341
27107 0.381409
27124 0.0766005
27136 0.0424892
27142 0.0831128
27167 0.109419
27169 0.053613
27170 -0.276343
27171 -0.139467
27172 -0.0582724
27207 0.0254264
27284 0.0733663
27288 -0.0985717
27289 -0.0555943
27307 -0.484883
27312 0.0989711
27314 0.079692
27331 0.0579298
27333 0.112243
27348 0.0646386
27385 0.243408
27406 0.0671729
27426 -0.0042623
27454 -0.0503937
27475 -0.041125
27491 0.174941
27495 0.257618
27502 0.248108
27552 -0.201328
27564 0.453931
27619 -0.178014
27623 0.025889
27624 0.110181
27643 -0.085886
27710 -0.158383
27743 0.0400843
27811 0.0588845
27829 0.0103371
27913 0.0246447
27950 0.0555254
27995 -0.0564344
28095 -0.070669
28217 0.140677
28235 0.0975986
28292 0.16372
28308 -0.220679
28343 0.0796906
28361 -0.105109
28362 0.120396
28366 -0.119362
28378 -0.141036
28385 0.0731149
28486 -0.0874048
28487 -0.0639574
28511 0.067346
28532 -0.00104979
28544 0.14889
28548 -0.0361979
28561 -0.0593251
28575 -0.0637386
28603 0.0308937
28628 -0.075644
28637 -0.158383
28638 0.402881
28652 -0.0712169
28657 0.105005
28663 0.155617
28687 -0.171637
28703 0.104693
28720 -0.0820066
28724 -0.121125
28747 0.165048
28753 0.338179
28778 -0.233323
28849 0.0426832
28895 0.0653199
28899 -0.237558
28903 -0.127826
28931 -0.110489
28941 0.102321
29114 0.112477
29115 0.0983171
29119 -0.192376
29225 0.181575
29244 -0.342324
29252 -0.0591413
29253 -0.146075
29257 -0.181683
29274 0.0771483
29304 0.243141
29315 -0.0635288
29319 0.0704948
29327 -0.109977
29336 -0.061641
29357 -0.164249
29486 0.0666465
29489 -0.138391
29561 -0.0902479
29568 0.00423877
29573 0.0193744
29605 0.1148
29624 0.188971
29640 -0.000298968
29661 0.0848996
29676 0.0794219
29683 -0.0531372
29685 -0.0771139
29708 -0.120646
29719 0.102506
29729 0.0874226
29781 0.512141
29788 0.122555
29793 -0.0660774
29802 -0.0181139
29804 0.128482
29847 0.188726
29857 0.0266642
29919 0.0549902
29977 0.0702771
30052 0.165877
30115 0.0941342
30117 0.0953801
30118 -0.0928996
30125 0.240874
30136 -0.110377
30151 -0.107258
30155 -0.174379
30157 -0.0888206
30173 0.110664
30178 0.114033
30184 -0.172271
30195 -0.23934
30201 0.218019
30216 -0.0658018
30222 -0.201341
30241 -0.073226
30252 -0.0761148
30253 -0.0826099
30268 0.072282
30430 -0.451332
30440 -0.0695462
30455 -0.214989
30462 0.0276812
30478 0.110031
30479 0.0472201
30480 -0.134563
30486 0.00877695
30490 0.0720664
30492 0.0209659
30500 0.126677
30523 0.0282149
30526 -0.18951
30584 -0.0550497
30586 0.0488385
30588 -0.123782
30599 0.155901
30603 -0.0187955
30615 0.106266
30617 0.208384
30619 -0.0792471
30627 0.0837334
30655 0.148426
30675 0.331738
30744 0.184703
30753 -0.0950334
30758 0.0457512
30762 0.040575
30790 0.0376325
30805 -0.107559
30814 0.00980877
30853 -0.223067
30876 -0.0575169
30944 0.0950439
30994 0.067346
31007 0.135401
31027 0.0606077
31045 -0.145417
31068 0.0386706
31072 0.126443
31084 -0.225848
31103 -0.125625
31104 0.0969434
31109 -0.0467972
31134 -0.128218
31135 -0.0900844
31160 -0.0244329
31167 0.091748
31175 0.157802
31180 0.0463289
31184 -0.349769
31213 -0.199466
31219 0.115744
31225 0.0513908
31228 -0.100697
31243 -0.100695
31250 0.0880011
31257 0.119303
31285 0.0169386
31298 -0.115088
31313 -0.0848267
31318 0.138558
31319 0.147373
31326 0.14889
31330 0.0727609
31371 0.143999
31399 -0.0348109
31407 -0.153575
31414 -0.077871
31450 0.0651983
31457 -0.11455
31458 0.0811528
31513 0.0997485
31517 0.137484
31521 0.0571411
31539 -0.0630708
31559 0.428985
31576 -0.106235
31583 0.46577
31584 0.133158
31594 0.536746
31621 0.0697494
31623 0.0717827
31634 -0.203438
31646 0.389137
31649 0.0980724
31655 0.0802052
31667 -0.134457
31671 -0.199051
31684 -0.148068
31701 0.06875
31703 0.0876
31707 -0.0492006
31721 -0.149184
31737 0.0987744
31756 0.0849133
31829 0.0864962
31881 -0.261848
31918 0.0650689
31945 -0.0538329
31947 -0.152438
31970 0.0368924
31982 0.0587194
32012 -0.0388263
32032 0.0657719
32034 -0.182532
32039 0.200506
32048 0.0376672
32049 0.0975384
32110 0.390733
32126 -0.106765
32157 0.0212499
32190 -0.0582412
32217 0.109034
32230 0.00913571
32244 0.41879
32248 0.30348
32251 0.196154
32266 0.0198348
32268 -0.100277
32277 -0.188246
32289 0.485211
32296 0.0218752
32302 -0.0618855
32344 -0.086934
32387 0.108932
32396 0.126413
32439 -0.514578
32456 0.0217899
32468 -0.131416
32471 0.207877
32472 0.106568
32473 0.361468
32478 0.0473385
32479 -0.2133
32492 -0.0246736
32504 0.077803
32580 -0.0182326
32582 0.0654445
32598 -0.0602139
32619 -0.231826
32631 -0.0588737
32636 0.172191
32637 -0.159029
32641 0.0849685
32646 0.094915
32668 -0.121686
32674 -0.0750084
32689 0.023414
32692 -0.069419
32723 0.033212
32748 0.264684
32749 0.088175
32756 -0.151805
32758 -0.309826
32759 -0.0622466
32788 -0.0935815
32793 0.032292
32815 0.191363
32816 0.0747953
32829 -0.0053005
32834 -0.0740541
32839 0.13853
32864 0.307649
32875 -0.0176077
32887 -0.0224645
32895 -0.0976247
32900 0.302921
32902 -0.212113
32906 0.201165
32912 -0.0239103
32932 0.0766845
32935 -0.107923
32943 0.258759
32949 -0.00671213
32958 -0.0309554
32981 0.113382
32985 -0.0586116
32990 0.0166887
32994 -0.00614766
32996 -0.0934815
32997 0.109902
33002 0.167973
33003 0.222201
33011 0.253898
33017 0.113928
33035 -0.344128
33049 -0.149621
33054 -0.179071
33089 0.0697581
33096 -0.0379997
33108 0.0895492
33132 -0.100158
33135 -0.0979907
33140 -0.034277
33143 -0.029084
33144 0.0739971
33149 0.13251
33170 0.358306
33185 -0.0836318
33191 0.679537
33200 0.248047
33207 0.0522938
33216 0.0738927
33221 0.165812
33227 -0.210803
33228 0.0882361
33240 0.197037
33241 -0.0531281
33251 0.0719324
33257 -0.337729
33260 0.145874
33262 0.199554
33270 0.125032
33271 0.0491511
33288 0.0152383
33291 -0.100695
33310 -0.00670006
33323 -0.0897096
33324 0.170676
33328 0.315632
33330 0.139145
33332 0.180067
33343 0.0893906
33379 -0.11894
33409 0.0967522
33413 0.141095
33430 -0.0698173
33431 -0.0189935
33434 0.0669042
33472 -0.238932
33474 -0.0810974
33488 -0.237158
33499 -0.070661
33511 0.0657625
33516 0.0405906
33518 -0.142654
33528 -0.112859
33531 -0.115578
33533 0.050776
33537 0.150778
33542 -0.111563
33547 -0.173492
33550 0.266291
33573 0.103347
33576 -0.129391
33590 -0.173355
33634 0.482881
33670 -0.236071
33674 -0.390908
33707 0.116095
33711 0.142752
33730 0.248072
33768 0.190961
33781 -0.175545
33787 -0.0315688
33827 0.130365
33872 -0.036722
33881 0.138233
33893 -0.193927
33910 -0.179612
33915 0.20999
33988 0.0357459
34006 -0.128635
34014 -0.105523
34015 0.0560051
34039 0.10868
34057 -0.624886
34058 0.0555254
34083 -0.124765
34090 -0.00097856
34106 -0.151503
34112 -0.0116396
34125 -0.038034
34127 -0.303524
34142 -0.19081
34157 0.0508162
34170 0.0412374
34177 0.0977658
34204 -0.0603219
34212 0.161504
34326 -0.074271
34328 -0.0559342
34330 -0.0410731
34335 -0.112333
34344 -0.00872501
34347 -0.0689885
34367 -0.0355011
34375 -0.083604
34376 -0.16691
34388 -0.0903764
34395 -0.238406
34396 0.153547
34402 0.0192023
34426 0.0555265
34428 -0.117626
34433 0.153579
34442 0.115076
34446 0.130212
34455 -0.0952751
34461 -0.140734
34479 0.00602336
34483 -0.0995509
34486 0.137856
34490 -0.0617344
34501 0.0913279
34514 0.0572177
34516 0.0538895
34542 0.236431
34553 -0.0884421
34573 -0.0336415
34581 -0.198994
34584 0.240518
34589 0.104986
34608 -0.102599
34616 0.019967
34633 -0.0171938
34636 0.0792082
34649 0.0763321
34650 0.136782
34678 0.324301
34697 0.0673492
34727 0.0555475
34730 0.0603748
34735 -0.0359393
34742 -0.117012
34744 0.0805168
34756 -0.0867789
34757 -0.0207955
34763 -0.112082
34780 -0.0667859
34787 -0.0831786
34789 0.0665182
34796 0.0631309
34811 0.0966761
34821 0.0912188
34824 -0.00175752
34847 0.0831193
34887 -0.086811
34896 0.0570876
34903 -0.105523
34905 -0.100076
34910 0.15836
34921 0.0367709
34925 0.199125
34946 -0.119359
34953 -0.112059
34962 0.0341169
34985 -0.144389
34987 -0.112467
34991 -0.0162192
34997 0.0300327
35000 -0.133684
35005 -0.186015
35009 0.0630271
35016 -0.122493
35020 -0.0670433
35028 0.0547326
35032 -0.0456166
35037 0.0137625
35041 0.175239
35056 0.0742273
35063 0.0494807
35071 -0.0822707
35081 -0.0117664
35082 0.278662
35102 -0.0474327
35106 0.0873449
35110 -0.185846
35122 0.022208
35126 -0.191867
35131 0.0999427
35138 0.050855
35141 0.0397072
35147 0.364623
35153 0.0682186
35156 0.0926756
35158 0.262163
35161 0.0367739
35162 0.172309
35222 -0.103265
35255 -0.181164
35262 0.22164
35264 0.0121439
35265 -0.0122611
35267 -0.0846299
35318 0.118146
35322 -0.079779
35352 0.0448702
35353 0.161348
35366 -0.115226
35372 0.100667
35381 0.310241
35382 0.156116
35388 -0.0633194
35389 -0.0656138
35407 0.0308069
35408 -0.0905872
35430 0.100201
35437 -0.070874
35458 -0.0396327
35459 -0.0796806
35474 0.00865203
35485 -0.00667909
35499 -0.0429992
35512 -0.123031
35564 0.110042
35590 0.00913751
35598 0.118319
35635 -0.0812496
35637 0.0417039
35656 0.083879
35663 -0.0636745
35684 -0.298374
35730 -0.108166
35732 -0.442345
35753 0.15244
35757 0.0165507
35782 -0.0088841
35798 0.0349667
35847 0.143207
35927 0.0416225
35941 -0.0876706
35945 -0.272653
35959 0.102832
35965 0.0238286
35982 0.0894484
35984 0.246064
35985 0.186137
36027 -0.335664
36046 -0.171247
36112 0.184164
36123 -0.0691171
36170 -0.0897807
36216 0.03363
36242 -0.119362
36281 0.749257
36296 0.282473
36315 0.12212
36342 -0.0476663
36348 0.16614
36394 0.421378
36410 0.0937811
36453 0.153101
36476 -0.188238
36513 -0.189783
36610 0.121157
36618 0.288315
36623 0.0645528
36624 0.100119
36629 0.0957079
36638 0.0732625
36654 0.128514
36660 -0.105244
36666 0.107591
36706 -0.204519
36721 -0.0514499
36744 0.0588064
36762 -0.0918511
36781 0.0327863
36812 0.0225137
36855 0.111609
36883 0.0808242
36936 0.109762
36948 -0.0570655
36974 -0.0940701
36987 0.0431064
37012 -0.106514
37024 0.0679794
37056 -0.0906775
37097 -0.00840976
37103 0.107716
37107 0.586476
37135 -0.0996071
37141 -0.0985748
37146 -0.096994
37155 -0.0313589
37174 0.11105
37183 -0.0374446
37194 0.0603748
37197 0.0729064
37200 0.0870175
37230 0.0599902
37256 0.0407631
37267 -0.167177
37295 0.0640908
37298 0.0778011
37321 -0.243146
37335 -0.0914386
37336 -0.162642
37343 0.052329
37351 -0.286892
37360 -0.025692
37362 -0.0354912
37380 0.00873281
37382 -0.00606654
37456 0.0280636
37461 0.631434
37470 0.0871452
37479 -0.427537
37481 -0.0257631
37491 -0.12726
37507 0.100084
37583 0.074431
37616 -0.338639
37644 -0.234464
37664 -0.090183
37670 0.139135
37691 0.00261025
37722 0.017973
37739 0.114166
37770 0.165112
37786 0.14487
37789 0.118443
37807 0.133475
37809 8.0715e-05
37828 0.10609
37859 0.127864
37865 0.113304
37881 0.184845
37904 -0.0654115
37907 0.0610622
37930 0.112956
37940 0.0693127
37945 0.110152
37958 0.0751336
37965 -0.402597
37969 -0.109445
37973 -0.0345001
37979 0.155231
37980 0.0901469
37997 0.0479433
38005 -0.15118
38009 0.120188
38044 0.148475
38047 0.0915896
38075 0.100772
38086 -0.00494633
38092 -0.0264407
38151 -0.0830602
38159 0.219649
38166 -0.0159987
38196 -0.367717
38212 -0.323216
38213 -0.0947666
38236 -0.0345744
38241 0.105157
38258 -0.11203
38289 0.0956399
38298 0.0525925
38356 -0.0215674
38363 -0.0120867
38395 -0.0390117
38445 0.113098
38454 0.112487
38458 0.174334
38481 0.152809
38483 -0.00750313
38493 0.0932618
38506 0.107148
38511 -0.199194
38545 -0.0672118
38551 0.0635013
38556 -0.0622687
38569 0.0505135
38586 0.043765
38587 0.237574
38592 -0.0250878
38596 -0.0525282
38597 0.0753044
38606 -0.0799923
38651 -0.0949509
38673 0.178967
38682 0.115339
38689 0.229507
38702 0.0657625
38720 0.101893
38749 -0.0387752
38775 0.0943499
38780 -0.0899223
38782 0.25882
38788 0.116491
38816 0.0198747
38822 0.0176843
38855 0.43196
38858 -0.0178187
38863 -0.178014
38867 0.163666
38893 -0.102051
38918 0.0511015
38997 0.0419106
39013 -0.0873122
39028 -0.108853
39033 -0.110084
39041 0.096371
39045 -0.0252307
39062 0.232614
39063 0.0927582
39068 -0.073311
39077 0.16279
39094 0.102685
39106 0.0912805
39116 -0.0346965
39128 -0.0925377
39131 0.163455
39138 0.00146982
39145 0.188827
39148 0.111922
39157 -0.125625
39164 -0.245415
39169 -0.0233674
39170 0.206463
39176 0.374467
39235 -0.115067
39246 0.387719
39248 0.0989346
39264 -0.117046
39265 0.0357211
39276 0.0294322
39278 -0.0862021
39292 0.113211
39295 -0.09487
39312 0.157938
39317 -0.19905
39318 0.0398126
39321 -0.314438
39324 0.0793422
39325 -0.111619
39328 0.158816
39339 0.11707
39350 -0.192009
39391 -0.179922
39397 0.00591767
39403 0.0770312
39416 0.0802691
39418 -0.197192
39422 0.0263909
39435 0.466468
39445 0.000342727
39457 -0.0576699
39463 -0.000497941
39465 0.16061
39486 -0.0568717
39495 -0.163908
39497 -0.0300735
39513 0.214209
39525 0.166918
39536 -0.0467388
39538 0.088568
39544 0.104214
39556 -0.129112
39563 0.227913
39569 -0.181547
39573 0.037847
39579 0.0475776
39585 0.0857229
39630 -0.0236189
39635 -0.177071
39657 0.00481284
39675 0.116656
39680 -0.189362
39698 0.0614304
39724 -0.505281
39740 -0.207314
39755 -0.083199
39768 -0.0536127
39776 0.0801651
39777 -0.0952684
39782 0.053829
39786 0.138713
39798 -0.0611523
39822 0.098202
39825 -0.0858916
39826 0.190249
39841 -0.00178123
39851 0.0587192
39863 0.0593918
39877 -0.0194175
39880 0.0565979
39893 -0.120153
39913 -0.194483
39927 0.0156555
39928 -0.0261041
39950 -0.15558
39952 -0.0899533
39956 0.104246
39962 -0.145242
39980 0.0400004
40012 -0.159157
40019 -0.191318
40025 0.195859
40031 -0.0522363
40043 0.336895
40048 0.240235
40050 0.0408418
40056 0.0584624
40080 0.0772512
40083 0.0967092
40111 -0.0597082
40124 -0.0241725
40127 0.128255
40135 -0.131169
40140 0.0971315
40153 0.160256
40159 0.169271
40170 -0.119362
40200 0.0402897
40216 -0.207862
40224 -0.0953541
40238 -0.0502582
40249 -0.134247
40251 -0.115922
40254 -0.148238
40332 0.0198333
40336 -0.192783
40337 -0.109596
40345 0.147292
40355 -0.108772
40361 0.0751034
40365 0.0812885
40382 -0.0737659
40385 0.185624
40387 -0.208731
40389 0.0269594
40403 0.187008
40405 -0.0635357
40410 0.0539048
40420 0.0918187
40425 0.101673
40476 -0.095989
40488 0.213489
40535 -0.0746997
40542 -0.0755631
40544 0.0892976
40566 -0.0717474
40585 -0.0750765
40591 -0.0672835
40631 -0.0531238
40774 -0.0349038
40859 0.0631964
40864 0.0366615
40865 0.0610649
40890 0.125759
40900 0.259618
40927 0.0712737
40932 -0.144913
40974 0.087568
40990 0.158816
41064 0.23836
41081 0.038852
41096 -0.189052
41104 0.0998119
41108 -0.332504
41147 0.401962
41193 0.254261
41204 -0.0116269
41217 -0.0213496
41223 -0.0902285
41255 0.0245762
41296 -0.15282
41303 -0.183667
41308 0.00292755
41309 0.0969723
41341 0.0746381
41357 0.260055
41405 0.0781328
41411 -0.0201438
41416 0.0987646
41420 0.078566
41421 0.0742347
41434 -0.0945485
41444 0.142176
41484 0.219338
41511 -0.0378193
41515 -0.208403
41536 -0.053844
41576 0.1454
41592 -0.132541
41595 -0.110732
41599 -0.107578
41609 0.0617712
41614 -0.106514
41623 -0.271032
41629 0.185756
41642 -0.137265
41686 -0.0216977
41688 -0.0648171
41704 0.151269
41709 0.0799184
41721 0.115014
41735 -0.12453
41743 -0.192044
41769 -0.0805924
41788 -0.0970827
41800 -0.0341948
41837 0.00697152
41846 -0.129694
41867 -0.0695643
41878 -0.209346
41914 0.218819
41952 0.06589
42045 -0.0557005
42059 0.0671816
42060 -0.168316
42100 -0.18859
42104 0.0344217
42107 -0.101349
42112 0.101838
42114 0.109436
42152 0.0632638
42157 -0.1504
42160 -0.273541
42187 0.158578
42191 -0.0112271
42199 -0.155582
42239 -0.186921
42277 0.141283
42289 -0.158383
42290 0.0550211
42297 -0.137141
42303 -0.0524671
42306 0.0693975
42338 0.0843612
42357 -0.0394474
42362 -0.291405
42364 0.126994
42386 0.00454827
42401 0.048147
42403 0.11205
42417 0.0952918
42438 0.0517711
42440 0.0429278
42448 0.0250049
42452 -0.0881068
42456 0.376087
42471 0.187378
42472 -0.00547552
42496 0.0293925
42498 0.101519
42520 -0.0563928
42521 0.0457402
42549 -0.0122302
42614 0.153866
42615 -0.0359772
42633 -0.257028
42636 0.096117
42656 0.240667
42679 -0.0786553
42684 0.0902517
42687 0.0842958
42694 -0.128635
42702 -0.118211
42706 0.207935
42733 0.460176
42749 0.333238
42752 -0.183137
42841 0.361344
42871 -0.0783724
42906 0.032292
42936 0.155276
42938 0.0237881
42945 -0.0948548
42982 0.16754
42996 0.0996269
43035 0.0711528
43039 0.528088
43045 0.105756
43049 0.0805793
43051 0.119177
43102 -0.0342642
43172 0.0222236
43175 -0.178806
43205 0.0180033
43259 -0.0089835
43267 0.0825975
43279 0.0927987
43286 -0.104223
43313 0.21662
43325 -0.14386
43330 -0.211185
43332 0.12954
43357 0.0870425
43409 -0.0905945
43415 -0.235778
43417 0.0965066
43425 -0.158132
43426 0.0645186
43443 0.10526
43561 -0.118681
43594 -0.0619339
43625 0.0353447
43636 0.171597
43639 0.248202
43647 -0.164975
43661 -0.0941551
43666 0.0467765
43670 0.0697488
43693 -0.216153
43694 -0.100972
43703 0.0976224
43766 -0.0563872
43792 0.109005
43812 0.184925
43878 -0.0262434
43905 0.0687469
43910 -0.00113168
43915 0.0591054
43930 -0.101307
43939 0.14889
43959 -0.174809
43968 0.111442
43985 0.112405
43989 0.182663
44009 0.035539
44026 0.0513908
44042 -0.0905945
44063 -0.0820943
44066 0.0545757
44090 -0.299394
44220 -0.0345706
44221 0.0448636
44252 0.13089
44272 -0.117296
44291 0.0687299
44332 0.119871
44348 -0.222351
44373 0.184356
44381 0.385532
44430 0.0867212
44439 0.2788
44441 -0.220562
44458 0.206419
44514 -0.212783
44525 0.0245762
44531 0.0354387
44546 0.0738569
44554 -0.167287
44568 -0.127652
44580 -0.0910142
44599 0.0422628
44607 0.0509811
44615 -0.0727552
44616 0.0584659
44652 0.0631842
44654 0.0461544
44677 -0.260149
44749 -0.0989494
44769 0.249068
44779 0.0568872
44805 -0.113842
44806 -0.227259
44807 -0.204857
44882 0.0308937
44906 0.148075
44919 -0.110148
44930 0.0672764
44947 0.0192023
44949 -0.102905
44957 -0.337819
44992 -0.000556991
44996 -0.16968
45179 -0.00799472
45216 -0.0952716
45222 0.0631842
45254 -0.0964614
45260 -0.00558351
45262 0.19886
45277 0.138779
45290 -0.269954
45304 0.0374926
45308 -0.0817122
45316 -0.0444182
45332 0.0491827
45341 0.07604
45350 -0.132985
45354 -0.0645331
45357 -0.0473628
45363 -0.115525
45370 -0.0601641
45377 -0.030556
45412 -0.0757132
45421 -0.125958
45433 -0.0983021
45459 0.0688346
45467 -0.244489
45470 -0.0567143
45474 0.064249
45501 -0.045888
45507 -0.125109
45509 0.0822981
45522 0.112487
45531 0.166026
45533 0.116067
45544 0.0508495
45554 0.00757391
45562 0.083066
45582 0.11171
45605 0.193039
45619 -0.0550412
45630 0.0479965
45647 0.0667606
45691 0.117632
45692 -0.0847772
45703 -0.10691
45727 -0.0582829
45762 0.351284
45766 0.0179376
45794 0.157324
45797 -0.0498444
45833 -0.0793965
45884 -0.0152344
45896 0.0737898
45900 -0.0902636
45910 0.0813257
45952 0.0714408
45983 -0.0776828
45997 -0.0539019
46021 -0.0706459
46058 0.0895986
46070 0.0866677
46099 -0.101519
46101 0.0191841
46108 -0.0876961
46109 -0.193354
46155 -0.200355
46159 0.1361
46163 0.0620361
46180 -0.324831
46188 -0.00980037
46192 0.111431
46195 -0.0690124
46196 0.052313
46198 -0.161597
46200 -0.216003
46207 -0.0649134
46209 0.0575217
46246 0.0386233
46249 0.092171
46251 0.172636
46253 -0.0696816
46353 0.118169
46378 0.0224061
46395 -0.19905
46498 -0.0809565
46545 0.498341
46567 -0.0483804
46569 0.102539
46574 -0.0915525
46592 -0.0702638
46614 -0.173752
46626 -0.212969
46687 -0.137805
46694 -0.167492
46712 -0.132327
46733 0.0839884
46743 0.0669649
46887 0.207178
46934 -0.0653412
46936 -0.175165
46968 -0.101095
47015 0.096539
47103 0.0733663
47117 -0.149664
47127 -0.406647
47148 -0.0836738
