time obj
0.0011771510035032406 0.5
0.089780061993224081 0.20498866918682218
2.2429085620315163 0.024625430934406264
24.506567053067556 0.0063241211676626618
29.543532468058402 0.0041774745814580679
34.203577186061011 0.0032769019230227932
38.7390922840641 0.0026522847229864884
43.191487240066635 0.0030791080249217766
47.601925896080502 0.0023887715812854582
51.92578726708598 0.0023743084629620137
56.123936932075594 0.0023407361084035413
60.302522832076647 0.0023890210555151418
64.624768103116367 0.0022718471744448635
68.740160318120616 0.0022548791112570916
72.737130947112746 0.0022058023682437452
76.68423220814293 0.0021928632703285865
80.813473306152446 0.0022102237083674258
85.202679850168352 0.0021757291155225242
90.061610444179678 0.0021759835078715012
94.232817043171963 0.0021620700930193751
98.935388986152248 0.0021814358817065561
103.74760054516082 0.0021641392647701071
108.43438700415572 0.0021518192385619511
113.10570799217385 0.002150344910109547
117.79480615117063 0.0021460318117097824
122.56980655916414 0.0021452479118572289
127.28942534613452 0.0021448131380986659
131.97373391415022 0.0021455878239701027
136.59488107914513 0.0021441164725306363
141.1580996331395 0.0021456919643567285
145.74147839614307 0.0021462972314756066
150.35524602315127 0.002143679864008069
154.91023807315651 0.0021435342796883063
159.44441383415688 0.0021436459574733953
164.13098298612749 0.0021434286554768826
168.73961780512036 0.0021436861429091855
173.3353253401292 0.0021433885951036907
177.87125620412553 0.0021433528120775309
182.50038121513353 0.002143561123082532
187.16557420112076 0.0021434220715097914
191.8339940311198 0.0021433846034162262
196.37900539509428 0.0021433461448718675
200.94342055309971 0.0021433162678226054
205.48962883510103 0.0021433084402600645
210.06658863308257 0.0021433268290943805
214.59091493106826 0.0021433043684545888
219.15455204404861 0.0021433114491378634
223.72999890405481 0.002143315694044069
228.33236112105806 0.0021433017106597891
232.8711768450521 0.0021432990397722185
237.41479325207183 0.0021432996307239457
242.06658811807574 0.0021432988309354178
246.72463274207985 0.0021433041502814704
251.38893255004223 0.0021432992538326762
255.99649624802987 0.0021433079957756331
260.54707616405358 0.0021432975197017024
265.09116584104049 0.0021432977054436338
269.69436010205391 0.0021432982575624979
274.26489283006958 0.0021432972951826814
278.8381309210672 0.0021432972771688354
283.36082662106492 0.0021432971813988046
288.03764730105468 0.0021432971791922307
292.57929661006347 0.0021432972128701605
297.15236343506695 0.0021432971268315307
301.73231495706568 0.0021432971398505449
306.37068334306969 0.0021432971217278181
311.05369389006228 0.002143297102181961
315.67070770805003 0.0021432970961203558
320.20617481702357 0.002143297110992576
324.74365286900866 0.0021432970814644456
329.26863242101535 0.0021432971591636655
333.90641031001724 0.0021432970775451805
338.43110999099008 0.0021432970787773863
342.95084776796284 0.0021432970696941929
347.60004904996458 0.0021432970802110016
352.16551557197818 0.0021432970731663963
356.69248399698699 0.0021432970729021151
361.22050747097092 0.0021432970663091016
365.82625181197363 0.0021432970653181859
370.52184271095757 0.0021432970726233016
375.17411323194392 0.0021432970662806595
379.70142395995208 0.0021432970647889777
384.22382748295058 0.0021432970645623339
388.75872600392177 0.002143297064328096
393.38683197092178 0.0021432970643709302
397.90451398190635 0.002143297064514986
402.42477156390669 0.0021432970644059903
406.99722323889728 0.002143297064208943
411.66178267692885 0.0021432970642452473
416.18951969493355 0.002143297064042037
420.75458359193726 0.0021432970640230405
425.34323895094712 0.0021432970639392672
429.98268978193664 0.0021432970639218706
434.72381084594963 0.0021432970639868221
439.30606800295936 0.0021432970639559865
443.84002568595315 0.0021432970639602158
448.36695575995691 0.0021432970639904737
452.91813469996123 0.00214329706388564
457.46190047895652 0.0021432970640184895
461.97984441496374 0.0021432970638825322
466.51213550296961 0.002143297063901475
471.18063535895635 0.0021432970638754728
475.71802529294655 0.0021432970639153931
480.25897008492757 0.0021432970638716816
484.81495095491846 0.002143297063869491
489.49746287593734 0.0021432970638695791
494.14192701694992 0.0021432970638763774
498.76240140294249 0.0021432970638722531
503.32073382093949 0.002143297063868082
507.85440373796155 0.0021432970638754463
512.39355028296995 0.002143297063867196
517.00067712896998 0.0021432970638678678
521.51924774895451 0.0021432970638665021
526.0688511739645 0.0021432970638664544
530.68944455793098 0.0021432970638662883
535.28000533791783 0.0021432970638662848
539.86090171291289 0.00214329706386613
544.39974671288655 0.0021432970638662094
549.01364844588534 0.0021432970638660281
553.65438586188975 0.0021432970638661777
558.30206295289099 0.0021432970638661174
