time obj
1.6254031630014651 0.0093771725943898997
3.4906077810010174 0.0077266890301342667
5.3642537640043884 0.0059815800068707264
7.1781508109997958 0.0054703263837075182
8.9391552329980186 0.0048643874029057005
10.689284886997484 0.005271844195954006
12.389531774002535 0.0042483111813797526
14.060271062997344 0.0040928759030328518
15.714885926994612 0.0041349541575382625
17.340996070990514 0.0036080251941516379
18.9636827029899 0.0035629161219569733
20.561608500996954 0.0037531563627044183
22.151891786001215 0.005779766271145432
23.716206340999634 0.0032448394375063803
25.281197938995319 0.0033761885126446095
26.82127770299121 0.0030121322752854475
28.359479221988295 0.0032222080855927597
29.879886778988293 0.0030367332130535715
31.404663850989891 0.0032749156604977596
32.911408489984751 0.0029076546909267888
34.423336333988118 0.0027644550610619436
35.922566021989041 0.002735664365558227
37.424151087987411 0.0027514156173780368
38.91149160698842 0.002704252830488803
40.399740055989241 0.0026008401879515025
41.849991484989005 0.0026056277344206251
43.302325688986457 0.002569502369935809
44.759036039984494 0.0025531005497268651
46.19399318798969 0.0027133585473523812
47.641181343991775 0.0030638796497771694
49.080646841990529 0.0026957617310088139
50.519940751990362 0.0031056644531517086
51.940604928990069 0.0026220618529592945
53.365277968994633 0.002409177973434205
54.772770963994844 0.002455683039766315
56.193677176990604 0.0024208622049661692
57.596818012993026 0.0023731846499441215
59.009730868994666 0.0028971000332799917
60.406077729996468 0.0023535309983408232
61.812188627998694 0.002398050415299877
63.199649396003224 0.002336269914981729
64.597712563001551 0.0023357786890846103
65.980517877003876 0.0023989783671083797
67.374071787999128 0.0023152628110867535
68.775097157995333 0.0022931586695796717
70.164828913992096 0.0022829492105099565
71.559314029989764 0.002467876008297894
72.939230841991957 0.0022840649361917679
74.325450716991327 0.0022895679783373432
75.70048985799076 0.0025524621202651651
77.082520251991809 0.0022884126503085736
78.45297722498799 0.0022690583149098426
79.830124387990509 0.0022434959397251084
81.19354223699338 0.0022435645594384448
82.567805451988534 0.0022726264841744191
83.951830118989164 0.0022342503292636386
85.323396228988713 0.0022392513433342996
86.701404887986428 0.0022270224526832433
88.067111994983861 0.0022478164563742814
89.436893655984022 0.0023118202268180591
90.793264930987789 0.0023042432661028647
92.158892838982865 0.0022135359953009957
93.516421470987552 0.0023076773286493466
94.875778492983954 0.002217930363398359
96.233129336986167 0.0022596319799124309
97.587481763985124 0.0022900904933099262
98.928255225982866 0.0022725162196902847
100.28004030398733 0.0022404100007960199
101.61403433398664 0.0021952251911725711
102.95941172698804 0.002216321817343124
104.28837716398994 0.0022400324554959282
105.62968976399134 0.0021998702550337147
106.95515986099053 0.0021946451784414529
108.29335669999273 0.0021976073878032564
109.63969700998859 0.0021886679835686376
110.9711475269869 0.0023255442506396186
112.3127963379884 0.0021841049998891299
113.63744380298886 0.0021829447522207601
114.97461627299344 0.0021821636817829894
116.29451054799574 0.0022385131919234998
117.62614519999624 0.0021765164566183914
118.95446953699866 0.0022197759722400612
120.28146576599829 0.0021736897781140735
121.6272998630011 0.0021750438412372888
122.94857263300219 0.0021892088714890578
124.27978616000473 0.0021708417196779034
125.60449893200712 0.0022514716107419792
126.93510766200779 0.0021689524373630169
128.2719070830135 0.0021761653098549324
129.60488591501053 0.0023059426980116416
130.93471613700967 0.0021729682945067284
132.25174864000292 0.0021969631981442156
133.87926116499875 0.0021638442479741137
135.31544543099881 0.0021662471130430108
136.6445073520008 0.0021703113303076179
137.96048013400286 0.0021685767919936536
139.61462565500551 0.0021711140834257433
141.20469262400729 0.0021603592197364033
142.62245440000697 0.0021588048569157674
144.15394585400645 0.0021620949633266171
145.66996067000582 0.0022415503633363351
147.06266475201119 0.002158138126422863
148.44051951801521 0.0021604164703982998
150.64621641701524 0.0021567134272579597
152.08992486301577 0.0021568511608436865
153.51809702001628 0.0021712916979974308
154.88852263201261 0.0021586265399950685
156.24252189801336 0.0021656443457804594
157.60113626801467 0.0021545099597224532
158.93204163802147 0.0021634595640688987
160.98989811001957 0.0022044559054584397
162.45206087001861 0.0021669687283036938
163.8578301580128 0.0021541615891194936
165.26821398201719 0.0021535271476464794
166.68052322202129 0.0021971864581808863
168.06614849501784 0.0021619610928595204
169.43879255301727 0.002160096724115212
170.79727425101737 0.0021530882421724575
172.16584332201455 0.0021522931264298236
173.49727365401486 0.0021586140318948692
174.96255168001517 0.0021798874470818921
176.32416972601641 0.002152970345996038
177.70151536501362 0.0021620930790007421
179.07570400201803 0.0021510936011099138
180.48699246501928 0.0021500669391228918
181.87933639002586 0.0021522749548063829
183.26972160402511 0.0021508155802301343
184.65574657502293 0.00214952823675864
186.01197258002503 0.0021498810904601665
187.35240663102013 0.0021502942096894209
188.70833685702382 0.0021485414722624456
190.05713319302595 0.0021495532913897398
191.39630644202407 0.0021481380825275494
192.73363182401954 0.0021500639782697185
194.07910257502226 0.0021520844866214687
195.4175629420206 0.0021476897994451038
196.744988682025 0.0021506208173909668
198.08556730002601 0.0021540893194665809
199.563109473027 0.0021476240793436461
201.00382450303005 0.00214820791019557
202.36914803603577 0.0021602676136131555
203.69802096603235 0.0021469256113112348
205.01717690702935 0.0021474134282672358
206.34864443103288 0.0021469955408790009
207.66724201703619 0.0021468674171444
209.00223542503954 0.0021484333750914283
210.32494535404112 0.0021464851638176999
211.64327963703545 0.0021463286893214574
212.96821003003424 0.002146593270184662
214.26695944403764 0.0021461605208745803
215.57113913403737 0.0021520994647169344
216.86779840603413 0.0021476574183860817
218.17561470503279 0.0021464769435382137
219.47630471503362 0.002146019365155941
220.76624947103119 0.0021607979237168854
222.07179375102714 0.0021458381501238415
223.36540211602551 0.0021455955383361835
224.66463833902526 0.0021456576922057025
225.96275996802433 0.0021454471716042564
227.24976847902144 0.0021492545170572275
228.55074782001611 0.0021453247582039312
229.83930879501713 0.0021452053195173864
231.1213573660134 0.002145718987475567
232.41370974401798 0.0021473488896506187
233.69588110702171 0.0021459000081000112
234.99307026002498 0.0021462245989463911
236.28058396302367 0.0021468266291422024
237.58348168701923 0.0021619152376220066
238.87323614001798 0.0021450064766423476
240.17434585202136 0.0021555938087001814
241.46857251601614 0.0021448531546930352
242.7747231410176 0.0021450375209891744
244.07440014901658 0.0021450904113428436
245.38390759201866 0.0021451088775959011
246.6844256630211 0.0021476720263621518
247.97601680902153 0.0021460159581714361
249.279705974026 0.0021445738966325684
250.57501973802573 0.0021446289969030492
251.88271883603011 0.002144938864075227
253.183919187024 0.0021444831357778304
254.4964070600181 0.0021443878979646716
255.79793718901783 0.0021444801485770324
257.09243523002078 0.0021552064156422487
258.39750009802083 0.0021444346036954796
259.69498344201565 0.0021443602793771725
260.99590412801626 0.0021442712182146908
262.29650774501351 0.002145311654244011
263.58153838101134 0.0021445035414646321
264.87575316500443 0.0021453741857704266
266.1540689540052 0.0021442429694045074
267.44325507400936 0.002144157543855647
268.74106986701372 0.002144130308324286
270.02613136401487 0.0021469726985860116
271.32309304601222 0.0021440084702323181
272.60327214401332 0.0021450808290767341
273.89484481801628 0.0021441063036142646
275.16783881401352 0.0021439537509765271
276.45427630401537 0.002144191138671992
277.75125516302069 0.0021439182842928209
279.03214472301624 0.0021441910744730386
280.32560144501622 0.0021444183142619411
281.60089432201494 0.0021441590893696541
282.88813783501973 0.0021457955550856908
284.1689215260194 0.002147631101961239
285.45192973201483 0.0021439351878120255
286.74733572301193 0.0021438114068222211
288.02493018600944 0.0021438591168948203
289.31373193000763 0.0021443305005027472
290.60915327300609 0.0021437874648288563
291.89371620601014 0.0021439600566718633
293.18969466500857 0.0021438638271630808
294.46945637600584 0.0021440224073936654
295.76208033600415 0.002143703270364544
297.06019549200573 0.0021437331812531914
298.34728947700933 0.0021455032601859639
299.642881717009 0.0021438140267064946
300.92473829400842 0.0021463190059517775
302.21975699200993 0.0021437697719708204
303.51954319400829 0.002143729023024084
304.80914435200975 0.0021436352672417544
306.10369352700945 0.0021439496189534276
307.38800209800684 0.0021438152568883464
308.68283237700962 0.0021436268533601313
309.98617976600508 0.0021437880625994462
311.27774507499998 0.0021438686085796868
312.57573158400191 0.0021435646271350398
313.85074911600532 0.0021435980418762794
315.14604320100625 0.0021435284164397195
316.42681643700053 0.002143774557692935
317.71942258500349 0.0021439000816516952
318.99583172200801 0.0021438696672668785
320.2842786730107 0.0021443448197965209
321.57812044600723 0.0021435087455469845
322.86051402300654 0.0021439158558159222
324.15549923600338 0.0021435788929184971
325.43261120600073 0.002143500610483978
326.72262545800186 0.0021435147420560932
327.99595670100098 0.0021434924579879439
329.28086394700222 0.0021435051753199794
330.57475134600099 0.0021434792400108053
331.859827510998 0.0021434696692963326
333.15570061699691 0.0021434692307510722
334.42985192599735 0.002144402463766187
335.72071405799215 0.002143459144616537
337.27173196798685 0.0021434375698193347
338.55928942498576 0.0021435152977987595
340.3292552649873 0.0021434493383116122
341.93312651698943 0.0021436487669927837
343.35647201998654 0.0021435170052039598
344.77701082699059 0.0021434965620680175
346.29184326699033 0.002143734583405838
347.74807630098803 0.0021434852559560429
349.09639267298917 0.0021434640592271318
350.42125313899305 0.0021435174315506266
351.81168221099506 0.0021434156334623872
353.21659267299401 0.0021434176729019832
354.68458095199458 0.0021434422813764909
356.04074942699663 0.0021437310437520938
357.38673061099689 0.0021434138397037343
358.72565294899687 0.0021435032703020556
360.03633107099449 0.0021434002982564653
361.36407581899402 0.0021434209955084899
362.68936233199202 0.002143437785209249
364.03631838499132 0.0021434014687218127
365.38146284399409 0.0021436365400275244
366.72504970599402 0.0021433883077186799
368.08313422499486 0.0021435401246458715
369.38033779100078 0.002143446810162113
370.67324156399991 0.0021433758665317928
371.97524531100498 0.0021434522639795614
373.26950501601095 0.0021433641602917079
374.55539692201273 0.0021433802522414502
375.85137739601487 0.0021433753855285048
377.14127461301541 0.0021433570503854612
378.4439328760127 0.0021433700755612941
379.75773767400824 0.0021436286266518132
381.06484296901181 0.002143363055609443
382.38581023001461 0.0021433684196836382
383.69870397101477 0.0021433939734217464
385.0639621430164 0.0021433703008718785
386.38248351101356 0.0021436070161220807
387.69870782501675 0.002143382685455969
389.03298964902206 0.0021433726148273467
390.33147187701979 0.0021434046455359626
391.67305144701822 0.002143365306183666
392.95515002101456 0.0021433732721915146
394.24115605201951 0.0021433420734303541
395.53470990002097 0.0021434467779098535
396.82585773502069 0.0021433401044775448
398.10305008801515 0.0021434043835037646
399.40820786001859 0.0021433564600864935
400.7226003640244 0.0021433361739578707
402.02169595802116 0.0021435923561499899
403.4200225620225 0.0021433351672142595
404.76007084002049 0.0021433534969715366
406.12031475202093 0.0021433304170657692
407.41352738501882 0.0021433399018459419
408.71212884601846 0.0021433590771483958
410.01761822801927 0.0021433293259897493
411.57870362402173 0.0021433410098597953
412.87895725602721 0.0021433326686437718
414.17970921903179 0.0021433253805352372
415.49623183803487 0.0021433360977369054
416.8070177210393 0.0021433400542472522
418.10221740203997 0.0021433820971365519
419.40269062503648 0.0021434851545966528
420.70762579103757 0.0021433718950230407
422.0539791360352 0.0021434180804862793
423.37591508803598 0.0021433360675499145
424.69496899903606 0.0021433450879165491
425.99145234003663 0.0021433194563427915
427.28008833503554 0.0021434213506270616
428.56197522903676 0.0021433192795869602
430.17723175304127 0.0021433290555221952
431.4646502690448 0.0021433231822948879
432.75907700804964 0.0021433223751984917
434.0380548130488 0.0021433480404003339
435.5792551930499 0.0021433199584878918
437.20509235005011 0.0021433214420939714
438.8238772050463 0.0021433545947056104
440.25012881804287 0.0021433178981806441
441.74291839304351 0.0021433163142492669
443.28568000704399 0.0021434147823460969
444.65672146904399 0.002143312845364038
446.64251239804435 0.0021433150459761957
448.02144334204058 0.0021433148384481238
449.41285045104451 0.0021433504925849082
450.82523809104896 0.0021433267305502384
452.20307647505251 0.0021433119746733314
453.52908215505158 0.0021433208496361412
455.40930812204897 0.0021433237869489534
457.00604203905095 0.0021433627580570514
458.76113182205154 0.0021433090013034881
460.09961756804842 0.002143311673351259
461.44006580204586 0.0021433174438143278
462.81105625204509 0.0021433230780655969
464.19143489604903 0.002143308910072507
465.50793088404316 0.0021433117226944535
466.80700899603835 0.0021433073315469879
468.61410477503523 0.0021433074940407858
469.91993395503232 0.0021433351217519884
471.20978431803087 0.0021433090683822911
472.50656295803492 0.0021433272552776566
473.81376425303461 0.0021433061473681032
475.11918797403632 0.0021433124462871033
476.44004967003275 0.0021434275698259458
477.76134560102946 0.0021433116497887139
479.73156201002712 0.0021433237366712834
481.57880183502857 0.0021433046124082113
482.90045097302936 0.0021433044824521641
484.25475846202607 0.0021433341345142181
485.97359712502657 0.0021433157640708871
487.27332880702306 0.0021433074805866132
488.5596201220178 0.0021433189534626161
490.3276042500147 0.0021433035147646151
491.999534039016 0.0021433097537673943
493.67952564701409 0.0021433054622560033
495.34906489101559 0.0021433046087269703
496.98667674701574 0.0021433104506271552
498.29411687701213 0.0021433056208524258
499.59400262401323 0.0021433040739406921
500.91207476801355 0.0021433037419318324
502.21276414200838 0.0021433030627206716
503.5253712860067 0.0021433080520686389
504.82805351200659 0.0021433032606459142
506.61629471900233 0.0021433137737405152
507.92390326800523 0.0021433085241349572
509.2464153950059 0.0021433094375498773
510.55599273000553 0.0021433024194217535
511.89889006200247 0.0021433028859662558
513.21049653200316 0.0021433011675207844
514.51327346399921 0.0021433009228125632
515.81236043399986 0.0021433066517885222
517.50433760799933 0.0021433022736413263
518.96357451099902 0.0021433014149264376
520.62775689399859 0.0021433044631067829
522.11428584199894 0.00214330121310294
523.58934555100132 0.0021433016824375394
525.38019297099527 0.0021433027557205609
526.73851964199275 0.0021433005229251666
528.0800361809961 0.0021433032925515941
529.40854100199795 0.0021433017038992603
530.80832046499563 0.0021433079785171116
532.26221012899623 0.0021433014784046195
533.67932737399678 0.0021433010355914623
535.00138867500209 0.0021433002526226397
536.35102727499907 0.0021433003322474369
537.64816575500299 0.0021433025393403902
539.06850002500141 0.0021433167891371681
540.82852686399565 0.0021433005655101239
542.23551956898882 0.0021433005372828743
543.60686233198794 0.0021433022127242307
545.03010631399229 0.0021432998589828896
546.37205861799157 0.0021433008303343363
547.67223096399539 0.0021432994769325577
548.96349041000212 0.0021432995926246173
550.35164205500041 0.00214330310598515
551.64788803800184 0.0021432996210074195
553.35149622899917 0.0021433029707341109
554.63549088399304 0.0021432989386326595
556.48277527199389 0.0021433016503720577
557.81039482399501 0.002143300100325781
559.12597706399538 0.0021433041873462817
560.47697215399967 0.0021433012639441723
561.83128381799906 0.0021433273126375768
563.14812521199929 0.0021433021816294855
564.48302626599616 0.002143298777757729
565.82484943599411 0.0021432993709687956
567.73895447799441 0.0021432988254622334
569.01605208799447 0.002143299709486928
570.32341851598903 0.0021433021982390976
571.62389496299147 0.0021433016874900668
572.90512781699363 0.0021432986858884997
574.20296044099086 0.0021433016894153653
575.50015101698955 0.0021432987197049138
576.7784593789911 0.002143299210316267
578.06061738299468 0.002143302424736762
579.73067000299488 0.0021433048419136768
581.31057462499302 0.002143306048164323
582.83331774699036 0.0021432985041414895
584.23029832899192 0.0021433077643623526
585.68758579299174 0.002143298299460878
587.39091217098758 0.0021433035661033977
588.84959255399008 0.0021432983755778679
590.1832872659943 0.0021432986903026086
591.55741635599406 0.0021432997236902323
592.95173391298886 0.002143298364311865
594.72644173398294 0.0021432988436025082
596.99123360798694 0.002143298414320185
598.36380361198098 0.0021432981204495848
600.26933779698447 0.0021433015421944593
601.60695332998148 0.0021432981820402428
602.95021978898149 0.0021432980160922951
604.30212371498055 0.0021432980260840426
605.67733447498176 0.0021432981827645367
607.03019783298078 0.0021432981022544931
608.35536772198247 0.0021432978595780196
609.6761658689793 0.0021433046309379485
611.03332042498369 0.0021432979223222561
612.32590008498664 0.0021433011836242185
613.6505909429834 0.0021432978024256005
614.96829258598154 0.0021432977208742346
616.29311620497901 0.0021432994728551257
617.61154369897849 0.0021432979450426637
618.94709807298204 0.0021432977816940491
620.36808027198276 0.0021432977364107385
621.72283718298422 0.0021432976622188273
623.06401395598368 0.0021432978945456894
624.36156133298209 0.0021432977007306382
625.66779712898278 0.0021432977689365726
627.51894275798259 0.0021432978676217906
628.99196420898807 0.0021432975809249398
630.59882583098806 0.0021432981429930068
632.1535188969865 0.0021432976717814219
633.53952911698434 0.0021432995558290325
635.01955500998156 0.0021432994537815028
636.46835154497967 0.0021432976055918958
638.53084331598075 0.0021432976854777156
639.91314163697825 0.0021432975962864882
641.30511703997763 0.0021432989426772003
642.71626386997377 0.0021432975004255497
644.13908989997435 0.002143297449039603
645.50313142997038 0.0021432981285529709
646.82610208397091 0.0021432975954503194
648.14827280597092 0.0021432983891362871
649.4705902199712 0.0021432976448162262
650.81459725397144 0.002143299133858175
652.1583654269707 0.002143297711735305
653.50373562597088 0.0021432974060970876
654.89323439297004 0.0021432976667156997
656.26418023996666 0.0021432974226168458
657.57031081996683 0.0021432974804395117
658.87925023596472 0.0021432974270152679
660.18182680296741 0.0021432977635323005
661.49511058897042 0.0021432976268034023
662.80165400397527 0.0021432974237668881
664.10160016597365 0.0021432974843330721
665.39352607297042 0.0021432973537811218
666.69868111897085 0.0021432973686486717
668.01893087296776 0.0021432981907922918
669.33238276297197 0.0021432976563202648
670.66083317496668 0.0021432974970749994
671.99900430896378 0.0021432976170222737
673.33632367696555 0.0021432974531016319
674.68941208196338 0.0021432977901567141
676.01179581395991 0.0021432973498122067
677.35083929695975 0.0021432977183742669
678.83309862996248 0.0021432989091523542
680.13035081895941 0.0021432972866742678
681.9621008989634 0.0021432975551627376
683.26269901596243 0.0021432976159020387
684.56784463196527 0.0021432977674340626
685.85190220896766 0.0021432974069661923
687.14419732696842 0.0021432973186927989
688.43813698196755 0.0021432973438761257
689.72734081197268 0.0021432972431343444
691.01519713297603 0.0021432972461839527
692.333230824981 0.0021432973300320891
693.62123597197933 0.0021432972937339388
694.92758278398105 0.0021432972380152375
696.22704210298252 0.0021432972608501936
697.5579487209834 0.0021432978776475815
698.8484821119855 0.002143297832103912
700.14526720898721 0.0021432972891454981
701.44625535598607 0.0021432974518284767
702.75659561898647 0.0021432973839419483
704.06523338698753 0.0021432972222889825
705.38084112598881 0.0021432975920939405
706.6799654959832 0.0021432972180441172
708.00336397198407 0.0021432973027086587
709.31411549999029 0.0021432971797334713
710.63216539199493 0.0021432971913316109
711.91992132599989 0.0021432971773371009
713.18921402900014 0.002143297174409984
714.46145463699941 0.0021432974214228963
715.77272434699989 0.0021432972378013465
717.04620221799996 0.002143297321920317
718.33262187599757 0.00214329752264806
719.60710827900039 0.0021432971782850002
720.88981256000261 0.0021432971953118415
722.20353092300502 0.002143297356011287
723.50550904100237 0.0021432972038681018
724.78454355800204 0.002143298298971235
726.07236535900302 0.0021432991762289975
727.38273779599695 0.0021432971717906214
728.67076913199708 0.0021432971453215688
729.97305112699541 0.0021432972105263075
732.01085389799846 0.0021432971849375038
733.59029126799578 0.0021432971471374695
736.06544443699386 0.0021432972000989649
737.71225751799648 0.0021432972113888701
739.31678782399831 0.0021432972122131322
740.74579657599679 0.0021432980534619481
742.26750552999147 0.0021432971506809583
743.65175633299805 0.0021432971401595248
745.00860062299762 0.0021432971404501781
746.39293965200341 0.0021432972364879887
747.81691568400129 0.0021432971541591652
749.24445863699657 0.0021432971225522615
750.5755322959958 0.0021432971264738108
751.90179236899712 0.0021432971585188016
753.24926083399623 0.0021432971284229795
754.56978922999406 0.0021432971206944425
755.92292187599378 0.0021432971174133206
757.28196542998921 0.0021432972303019014
758.65486437499203 0.0021432971247925814
760.04458065599465 0.0021432972944131125
761.41999862899684 0.0021432972690860318
762.72061887799646 0.0021432986311585613
764.02136027899542 0.0021432971590641995
765.32574981899961 0.0021432971526112849
766.6355066410033 0.0021432971300313795
767.94918382500327 0.0021432971080033287
769.25033839200478 0.002143297119450399
770.56605044200842 0.0021432971371149758
771.91711441800726 0.0021432974448596293
773.24587090701243 0.0021432971418087594
774.57773150201683 0.0021432971069824968
775.91727200801688 0.0021432971018453865
777.26452777202212 0.002143297102961227
778.60757979701884 0.0021432970974188613
780.32279428801849 0.0021432972240325119
781.78686254801869 0.0021432970994888128
783.41452120301983 0.0021432971008994673
785.05401175801671 0.0021432971196648498
786.55626501501683 0.0021432970940674857
788.17538504701952 0.0021432971268811902
789.54840725802205 0.0021432970940741731
790.91083571801573 0.0021432971173440301
792.31824278601562 0.002143297211126766
793.74052292901615 0.0021432970905395951
795.20321916101238 0.0021432971047467613
796.50763031801762 0.002143297118060251
797.85080539701448 0.0021432970872672448
799.21687653301342 0.002143297236368631
800.54245673101832 0.0021432971852075439
801.89516684101545 0.0021432970911118127
803.26438472701557 0.0021432970884249745
804.65332511001179 0.0021432970854751081
806.02240871501272 0.0021432971002181933
807.41069070000958 0.0021432972622200861
808.69898158501019 0.0021432970892839762
810.02617424001073 0.002143297088737727
811.36210734400811 0.0021432970882747744
812.67902983600652 0.0021432970823972389
813.99095715800649 0.0021432971300842534
815.30130080900562 0.0021432970830470932
816.62352128800558 0.0021432970877035789
818.40255297800468 0.0021432971040270515
819.9467659570073 0.0021432971096604324
821.52617818600993 0.0021432970887069868
823.12036454201007 0.0021432970810288301
825.01447347100475 0.0021432970901682723
826.37962502100709 0.0021432970843020321
827.80893320401083 0.0021432970924067261
829.249797373006 0.002143297083284952
830.69548364900402 0.0021432970791020185
832.01995737200923 0.0021432971018199641
833.38867065901286 0.0021432970766267936
834.72696271101449 0.0021432971384734646
836.09960238401254 0.0021432971573028207
837.4806187090071 0.0021432970763474108
838.88265489300829 0.002143297239744268
840.28471457000705 0.002143297085275666
841.57414149400574 0.0021432970779646497
842.90623554200283 0.00214329714959355
844.23625412299589 0.0021432970837200593
845.56431555699965 0.0021432971699749327
846.88837156099908 0.0021432970791283208
848.23018883199984 0.0021432970840772176
849.56918567899993 0.0021432970746016744
850.91000748299848 0.002143297113862205
852.263753291998 0.0021432970767943961
853.61870551500033 0.0021432970747116715
854.97056222000538 0.0021432970734026713
856.33662521300721 0.0021432970835552848
857.62517071900947 0.0021432970799779637
858.9240714720072 0.0021432970907687399
860.24021456301125 0.0021432970721809871
861.55608976001531 0.0021432970742582143
862.87136314501549 0.0021432970732998911
864.18579664101708 0.0021432970728074061
865.4995777030199 0.0021432970720492001
867.27473995002219 0.0021432970976878046
868.59671456702199 0.0021432970783164694
869.91976916002022 0.0021432971419668226
871.24075254102354 0.0021432970877385263
872.56635281302442 0.0021432970706776792
873.88942399802181 0.0021432970746232418
875.21240340802615 0.0021432970755741643
876.53510525502497 0.0021432970806401453
877.860226660021 0.002143297075892588
879.18211658101791 0.0021432970718157237
880.52449168401654 0.0021432970704028035
881.86735312401288 0.0021432970689443504
883.16075032701337 0.0021432970703610852
884.44829940701311 0.0021432970701410169
885.7437886510088 0.0021432970700735786
887.06156525901315 0.0021432970771068272
888.68245622501854 0.0021432970686525235
889.99222963301872 0.0021432970726854754
891.29784518401721 0.0021432970978622662
892.60270423301699 0.0021432970695899017
894.32744537902181 0.002143297068609243
895.64090081801987 0.0021432971367033671
896.95437035502255 0.002143297073451456
898.25340763801796 0.0021432970685956675
899.57620491701527 0.0021432970691613686
900.88279006601078 0.0021432970691678374
902.20410418201209 0.0021432970739558503
903.50514960101282 0.0021432970681442049
904.80691665601626 0.0021432970714317569
906.13894011901721 0.002143297094810009
907.43895039401104 0.0021432970676398787
908.73666229701485 0.0021432970683605552
910.0343253390165 0.0021432970758847921
911.3526562720217 0.0021432970678087766
912.67542092002259 0.0021432970827756637
914.03031303502212 0.0021432970948737765
915.35944544602535 0.0021432970670630575
916.68175554102345 0.0021432971405012436
918.01445829302247 0.0021432970672056358
919.35310680002294 0.0021432970679030657
920.6634796160215 0.0021432970687840368
921.98004967302404 0.002143297072700571
923.27800027102785 0.0021432970668380596
924.64657767902827 0.0021432970972380351
925.95051823502581 0.0021432970859134397
927.33597986602399 0.0021432970666552332
928.66782577201957 0.0021432970682178725
930.30640309402224 0.0021432970682872016
931.61071276402072 0.0021432970727853053
932.92409634101932 0.0021432970741952773
934.23930243902578 0.0021432970663034022
935.52508261003095 0.002143297065915024
936.86145085903263 0.0021432970658300755
938.15597333502956 0.002143297065998178
939.46484546202555 0.00214329706599705
940.78926222703012 0.0021432970657758554
942.45949127302447 0.0021432970668871609
943.888515191029 0.0021432970658134764
945.42018386502605 0.0021432970671508423
946.95389685302507 0.0021432970695361092
948.877244687028 0.0021432970658240859
950.23636574303237 0.0021432970720921753
951.66184079703817 0.0021432970655768978
953.10590978403343 0.0021432970657224324
954.53007798403996 0.0021432970653694487
955.89094463603396 0.0021432970654148031
957.24451009603217 0.0021432970692700981
958.56749092303653 0.0021432970654720412
959.93704656803311 0.002143297065434029
961.30431047303136 0.0021432970655791447
962.68089007003437 0.002143297065201282
964.06998986203689 0.0021432970671709231
965.42538945703564 0.0021432970652881501
966.718057298036 0.0021432970689714221
968.08798294203734 0.0021432970728346343
969.42506554604188 0.0021432970664120119
970.85873106504005 0.0021432970649431947
972.16961541004275 0.0021432970744794523
973.51757312704285 0.0021432970651329287
974.8655372320427 0.002143297065320301
976.22865974004526 0.0021432970798200904
977.58524107804988 0.0021432970721703554
978.93758743004582 0.0021432970744997035
980.32277412504482 0.0021432970652155155
981.6412863820442 0.0021432970648750747
982.94532357504795 0.0021432970651214084
984.25628521504404 0.0021432970654822322
985.57791079904564 0.0021432970659698556
986.88217948204692 0.0021432970689319727
988.19149520604697 0.0021432970647483119
989.51030645204446 0.002143297068974339
990.82635158604535 0.0021432970676093744
992.14695547004521 0.0021432970735977205
993.46623253204598 0.002143297064655002
994.82519745304307 0.0021432970647700189
996.1610358030448 0.002143297064602956
997.50231031804287 0.0021432970646637528
998.8325814960408 0.0021432970645862241
1000.1607578030453 0.0021432970648464678
1001.4846951870495 0.0021432970646904745
1002.8255006430481 0.0021432970650533973
1004.1683087220445 0.0021432970646610731
1005.4830570370468 0.0021432970648862762
1006.7707472640468 0.0021432970648170434
1008.0583149360464 0.0021432970646692363
1009.3516079110486 0.0021432970645904191
1010.654832631044 0.0021432970650857031
1011.9600615660456 0.0021432970644230391
1013.8617009200461 0.0021432970649586051
1015.1712411560511 0.0021432970646371933
1016.5108704550512 0.002143297066524798
1017.8574965420485 0.0021432970649164422
1019.7212377460455 0.0021432970644031787
1021.0284661320475 0.0021432970646511557
1022.3442968270465 0.0021432970647902831
1023.6527416970421 0.0021432970663576127
1025.0424514730475 0.002143297064391341
1026.3705978090511 0.0021432970644025677
1027.6903615350529 0.0021432970643854381
1029.2884766220595 0.0021432970655661824
1030.6122891320629 0.0021432970642826649
1031.9401491970639 0.0021432970660398318
1033.2670030970621 0.0021432970644380206
1034.5966653670621 0.0021432970642553612
1035.9303294940619 0.0021432970642247095
1037.2644795690649 0.002143297066635835
1038.6008960200706 0.0021432970641897565
1039.941096206072 0.0021432970646631175
1041.2836473920761 0.0021432970642529222
1042.582245106074 0.0021432970643882393
1043.8805112680784 0.002143297064479768
1045.1869437750793 0.0021432970643097608
1046.4944443730783 0.0021432970642308886
1047.8089184370765 0.002143297065418348
1049.1252985560786 0.0021432970643644063
1050.4255102900788 0.0021432970678914279
1051.7608078350822 0.0021432970642776155
1053.0751108820768 0.0021432970642816015
1054.3999762100793 0.0021432970661221149
1055.7114395890821 0.0021432970641503137
1057.0137511410794 0.0021432970641542017
1058.3321231740774 0.0021432970643486603
1059.6387075600796 0.0021432970714781192
1060.9598057430776 0.0021432970642007651
1062.3225499360778 0.00214329706416033
1063.6344576850825 0.0021432970641160455
1064.9555344360851 0.0021432970642325717
1066.2713623760865 0.0021432970640903413
1067.9972686350884 0.0021432970640755567
1069.3156610340884 0.0021432970641325991
1070.6268780380851 0.0021432970659260261
1071.9492470180921 0.0021432970640849125
1073.9015044060943 0.0021432970641379031
1075.2171487070955 0.002143297065177574
1076.5265216220942 0.0021432970649245078
1077.8409371250964 0.0021432970641015992
1079.1574134951006 0.0021432970642913034
1080.4984144061018 0.0021432970641460745
1081.8329616371047 0.0021432970643576765
1083.1587895621051 0.0021432970640834314
1084.9611020311058 0.0021432970646804942
1086.3591179971045 0.0021432970643350227
1087.8172195720981 0.0021432970641791622
1089.2559617360967 0.0021432970640954288
1090.8317019050955 0.0021432970644079457
1092.1915974550939 0.0021432970639844945
1093.5886613840921 0.0021432970649836814
1095.184261914088 0.0021432970639927887
1096.6730230200847 0.0021432970640189284
1098.0615270040871 0.0021432970641067773
1099.4242630750887 0.0021432970649829307
1101.4283824010854 0.0021432970643463956
1102.8310093430846 0.0021432970640500124
1104.249959889079 0.0021432970655642482
1105.682139864075 0.0021432970641022614
1107.1030051980779 0.0021432970639837148
1108.4097757360723 0.0021432970643781219
1109.7658386800758 0.0021432970642044718
1111.1179247890759 0.0021432970640717702
1112.4597366420712 0.0021432970639819891
1113.8157997190719 0.0021432970640435666
1115.1901744750721 0.002143297064107594
1116.575797737074 0.0021432970642071988
1118.4274228020731 0.0021432970662029747
1119.8094173070785 0.0021432970640116893
1121.1829007640772 0.0021432970641092138
1122.4906446350797 0.0021432970639817818
1123.8039410740748 0.0021432970639947277
1125.1500827280761 0.0021432970639758478
1126.4959317770772 0.002143297064048145
1128.2393987890755 0.0021432970649459112
1129.5678076630793 0.0021432970639498812
1130.9172572920797 0.0021432970639400392
1132.276303285078 0.0021432970639548559
1134.3796042390823 0.0021432970644309087
1135.8489301930822 0.0021432970639951214
1137.3227293080854 0.0021432970639474387
1138.873700104079 0.002143297064041145
1140.4861237870791 0.0021432970643369353
1141.8578291280792 0.0021432970639479829
1143.2973163970819 0.0021432970639345367
1145.4889617050867 0.0021432970639738741
1147.0297672350862 0.0021432970639226208
1148.4523785160854 0.002143297063922875
1150.4210575700854 0.0021432970640468006
1152.2716441850862 0.0021432970639215063
1153.6756521990828 0.0021432970639388427
1155.3038023810805 0.00214329706440506
1156.8003033630812 0.0021432970639141662
1158.2128111880811 0.0021432970639180381
1159.6990767100797 0.0021432970639216555
1161.1517322220752 0.0021432970639654833
1162.6840773710719 0.0021432970641226128
1164.179184347071 0.0021432970639389819
1165.5058859100754 0.002143297063936411
1166.9198840040699 0.0021432970639144802
1168.3069240890763 0.0021432970639395708
1169.7211632830804 0.002143297063987408
1171.2294925590759 0.0021432970648397058
1172.6911291690776 0.0021432970639069814
1174.3959525880709 0.002143297064698603
1175.7802139780761 0.0021432970639151338
1177.1000922810708 0.0021432970639095263
1178.4890896420693 0.0021432970639638105
1179.923814635069 0.0021432970638962491
1181.2716890520678 0.0021432970643922018
1182.6111236450743 0.0021432970639213818
1183.9944783550745 0.0021432970639061431
1185.3585338340781 0.0021432970639036373
1186.7550604060743 0.0021432970639016988
1188.1475480930749 0.0021432970638927476
1189.5281021930787 0.0021432970639446353
1190.917911121076 0.0021432970639084781
1192.230292618071 0.0021432970639550025
1193.6462236420703 0.0021432970641264942
1194.9581017970704 0.0021432970639067629
1196.2920379700663 0.0021432970639164023
1197.6162135790655 0.0021432970638966828
1199.1680122350663 0.0021432970639636913
1200.812593946066 0.0021432970639446475
1202.2791539380705 0.0021432970640092325
1204.5247997840706 0.0021432970639865146
1205.975172732069 0.002143297064235908
1207.3860823780706 0.0021432970640910651
1209.4303979070683 0.0021432970638868682
1211.0008254950735 0.0021432970639198752
1212.4822124180719 0.0021432970638887599
1214.0535939560723 0.002143297063895106
1215.988731405072 0.0021432970639458254
1217.4052647070785 0.0021432970639052151
1219.0267959450794 0.0021432970638875877
1220.5290774380846 0.002143297064000591
1221.8432776180853 0.0021432970638967219
1223.5184421100857 0.0021432970638887382
1224.8779409740819 0.0021432970638852029
1226.2858509050857 0.0021432970639025644
1227.7379909890878 0.0021432970638814363
1229.1751138600885 0.002143297063904094
1230.6794534850851 0.0021432970638842444
1232.0014878240836 0.002143297063879882
1234.1249860860844 0.0021432970638884411
1235.4854869730843 0.0021432970638849093
1236.888820060085 0.0021432970638871115
1238.3462324330831 0.0021432970640513972
1239.7464645480868 0.0021432970638854566
1241.1422149210848 0.0021432970638787666
1242.5597684950844 0.0021432970638930664
1243.8963914940832 0.002143297063882786
1245.2038417460863 0.0021432970638783399
1246.6428396140836 0.0021432970639113863
1248.5634171060883 0.0021432970638775731
1249.9534523050897 0.0021432970638953722
1251.3147726480893 0.0021432970639359383
1252.6784383530903 0.0021432970639000213
1254.0795909640874 0.0021432970638806162
1255.4637590910861 0.002143297063877495
1256.8532854320874 0.0021432970638770258
1258.608676229087 0.0021432970638798222
1260.0035347920857 0.0021432970639013796
1261.353457795085 0.0021432970638755374
1263.0670770070865 0.0021432970638770319
1264.6176924060856 0.0021432970638808691
1266.3348023120852 0.0021432970638933964
1268.4802226460815 0.0021432970638752334
1270.1460811460856 0.0021432970638747954
1271.6208822580884 0.0021432970638957361
1273.2047498440879 0.0021432970641625426
1274.9144406700943 0.0021432970638739068
1276.32338282009 0.0021432970638741717
1277.8255497930877 0.0021432970638763263
1279.9882860210855 0.0021432970638763553
1281.3160511690876 0.0021432970639684279
1282.7103244890895 0.0021432970638852198
1284.1310598440905 0.0021432970638722835
1285.5741869380872 0.0021432970638785697
1287.0434238230882 0.0021432970638769256
1288.5003602230863 0.0021432970638716573
1289.8582151430892 0.0021432970638732888
1291.4939277700905 0.0021432970638765752
1293.1769884550886 0.0021432970638728529
1294.5951747830914 0.0021432970638798833
1296.1081039570927 0.0021432970638719318
1297.6834694300924 0.0021432970638751623
1299.0732178680919 0.0021432970638749532
1300.4855250140899 0.0021432970638746449
1301.9975040090867 0.0021432970638734475
1303.5165864770825 0.0021432970638879507
1304.8614766040846 0.0021432970638931011
1306.7665506460835 0.0021432970638703454
1308.1599227000843 0.0021432970639769055
1309.6036419230877 0.0021432970638724257
1311.0344169140881 0.0021432970638706186
1312.4773183090874 0.0021432970638722731
1313.8409906380839 0.0021432970638957404
1315.1797759120818 0.0021432970638701281
1316.5524214520774 0.0021432970638739285
1317.899432017075 0.0021432970638699269
1319.2863135600783 0.0021432970638703298
1320.7092429720797 0.0021432970638716495
1322.1004340570798 0.0021432970638705826
1323.5104106190774 0.0021432970638770852
1324.9216760690761 0.0021432970638754606
1326.2412719310742 0.0021432970638693943
1327.578522304073 0.0021432970638694264
1328.9254985080697 0.0021432970638701919
1330.2622518770731 0.0021432970638869658
1331.6126402210721 0.0021432970638696888
1333.2234999710709 0.0021432970638693332
1334.8221101670715 0.0021432970638696515
1336.256361888074 0.0021432970638697265
1337.6985950670714 0.0021432970638701628
1339.7253201820713 0.0021432970638709226
1341.1438851270723 0.0021432970638688444
1342.5596369430714 0.0021432970638775055
1344.103542675075 0.0021432970638717275
1345.6025872110768 0.0021432970638708996
1346.9598302280792 0.002143297063869138
1348.3950027970859 0.0021432970638689971
1349.9650275040913 0.002143297063870982
1351.4216675410935 0.002143297063868236
1352.8877098860976 0.0021432970638719175
1354.5092854710965 0.0021432970638688895
1355.8604246430987 0.0021432970638688145
1357.2523806390964 0.002143297063877816
1358.6140050760951 0.0021432970638704278
1360.5877932610965 0.0021432970638803482
1361.9951269220983 0.0021432970638677433
1363.4010059340944 0.0021432970638710926
1364.831482813097 0.0021432970638680764
1366.1439777860942 0.0021432970638694728
1367.4583471630904 0.0021432970638695864
1368.81077934309 0.002143297063867745
1370.1508357620914 0.0021432970638795524
1371.5268455770929 0.0021432970638686831
1372.8913611370881 0.0021432970638689155
1374.2459380600849 0.0021432970638707812
1375.6486392380903 0.0021432970638690491
1377.0341406460939 0.0021432970638675061
1378.4083978740891 0.0021432970638674566
1379.7932186200924 0.0021432970638675213
1381.1702951070984 0.002143297063873863
1382.5039001050973 0.0021432970638683713
1383.8907777140921 0.0021432970638690873
1385.2152599220863 0.0021432970638675598
1386.5510892380917 0.0021432970638671652
1387.9536237670909 0.0021432970638675772
1389.3028835450896 0.002143297063867745
1390.6415020920904 0.0021432970638680421
1392.0112313410937 0.0021432970638672493
1393.3721492110926 0.0021432970638719938
1394.7451483220939 0.0021432970638673166
1396.117730440099 0.0021432970638675217
1397.492206663097 0.0021432970638703371
1398.8460707111008 0.0021432970638671752
1400.2498988841035 0.0021432970638683123
1401.6343563000992 0.0021432970638674831
1403.0259618530981 0.0021432970638668074
