time obj
36.1234391610051 0.00612045069425488
69.8861369690057 0.00493812662551961
104.123323207001 0.00437181820152874
139.028669184001 0.00401739833347743
172.551502733004 0.00376760466890235
206.426068590001 0.00357819305915552
241.040219335002 0.00342690352704513
274.192551529006 0.00330259241129137
308.291795247002 0.00319830431237307
342.157887810004 0.00310927245487286
374.814157391003 0.00303236822873726
407.569542628007 0.00296545012407292
440.048470755006 0.00290661599796513
475.337646888001 0.002854295108908
508.362744779006 0.00280771989325195
540.477254442005 0.00276589478390334
572.490103603006 0.00272805651123916
604.426172827007 0.00269378471262487
638.143255618008 0.0026625392927746
672.019400451012 0.00263399448737874
704.352929528017 0.00260782830287047
736.069549743021 0.00258367167637412
768.05316596802 0.00256123961306254
799.285280073018 0.00254035986811337
831.163306489012 0.00252085986912232
862.857594550012 0.00250262699711632
894.624819117009 0.00248550739489426
925.737325906019 0.00246941581708469
956.810177229017 0.00245424295451146
987.622404734015 0.00243992197359395
1019.27805928001 0.00242636850750197
1050.56699404601 0.00241358507299773
1082.05549690001 0.00240150371923304
1112.77834037202 0.00239004326727027
1143.95473702002 0.00237916849788591
1175.21503707601 0.00236884748942758
1206.73463300402 0.0023590642780871
1237.59919594901 0.00234977054579059
1268.12406568301 0.00234093515158968
1300.78323894101 0.0023325538688059
1333.80159506601 0.0023245652761567
1365.18018408002 0.00231694482157846
1395.63046579902 0.00230966420298305
1425.99713521202 0.00230270725570514
1456.60216204102 0.00229608177814909
1487.11543365903 0.00228977382332459
1517.48434557702 0.00228377081568007
1547.71327591402 0.00227804506528972
1577.90832654702 0.002272579384309
1609.77791323102 0.00226736530869938
1643.75684023102 0.002262411442878
1676.75930951102 0.00225769510519003
1707.69872165502 0.00225320194445137
1738.07470791603 0.00224890803154782
1769.14589253302 0.00224479939329657
1799.79939469002 0.00224086983544718
1830.47071122203 0.00223710629929839
1860.85604881503 0.00223350129751327
1891.28001988003 0.00223004194235841
1921.77059852203 0.0022267268790536
1952.26301166003 0.00222355596247787
1983.18659540103 0.00222051177390369
2013.33931097203 0.00221759282631207
2046.97022711003 0.00221479558441376
2078.43124701003 0.00221211307338994
2108.32554923303 0.00220953608796731
2138.20987096703 0.00220705903848371
2171.21046150103 0.00220468141283461
2202.17265567604 0.00220239577743368
2232.12083076603 0.00220020473405942
2262.07440769004 0.00219810278495334
2291.79215840804 0.00219608106270247
2322.00207789303 0.00219413830140716
2352.52049081304 0.00219227052662791
2385.11834334604 0.00219047331291404
2415.52928710204 0.00218874665018423
2445.49757676103 0.00218708831761958
2475.80191429303 0.00218549342193947
2507.97500000603 0.00218396306273198
2539.72733487804 0.00218249038451839
2572.05167553503 0.00218107186732151
2603.05285838503 0.00217972731775512
2632.90162576003 0.00217843423680786
2663.20752465704 0.0021771911226315
2693.55651885003 0.00217599254986742
2723.15652185704 0.00217483642611848
2752.84082202103 0.00217372176074286
2782.76682699603 0.00217264687764575
2812.64543970903 0.00217161340437957
2842.29076564104 0.0021706170055335
2871.77442440504 0.00216965663737527
2902.58759890104 0.00216872991039038
2934.01763146804 0.00216783752844458
2963.70581216404 0.00216698958574822
2995.41594511304 0.00216617212071955
3026.14789131904 0.00216538313222543
3055.71191321004 0.00216462224274251
3085.41089680704 0.00216389032769876
3114.91212812604 0.00216318351771039
3144.38447775604 0.00216250315187419
