time obj
0.001194542994198855 0.5
0.089840813998307567 0.4270760376416507
2.3313531459789374 0.017565266310808705
15.848293642011413 0.0082239159038383271
19.721339040013845 0.0080938692498522535
24.433074779029994 0.0080635910558190093
27.620740124053555 0.008056151254190895
30.689978951049852 0.0080553190649368389
33.68992186205287 0.0080553640136271226
36.649984100040456 0.0080545176169828526
39.644567705050576 0.008054506984151541
42.59687483804737 0.008054468786109532
45.621431094026775 0.0080544694701819644
48.578464748010447 0.0080544606279200244
51.5659957590251 0.0080544623270336121
54.513230987016868 0.0080544605664115785
57.472942050007987 0.0080544600780488168
60.413703446021827 0.0080544597147595067
63.329996794011095 0.0080544597040194989
66.246269858005689 0.0080544597005261249
69.188301119007519 0.0080544596961735042
72.106720769996173 0.0080544596939307114
75.023559498986288 0.0080544596923559017
77.957749207991583 0.0080544596923037819
80.874205831984 0.0080544596923330779
83.820649916982802 0.0080544596922912121
86.751042122981744 0.0080544596922523162
89.731972714980657 0.0080544596922361086
92.650577736967534 0.0080544596922355119
95.568191177968401 0.0080544596922351268
98.494585946958978 0.0080544596922351181
101.47145117793116 0.0080544596922351025
