time obj
1.6489538440000615 0.011480723178954025
3.5459119070001179 0.010189104158860936
5.4411464700024226 0.0089072375754085525
7.2863234109972836 0.0087547843902913251
9.056065831995511 0.0086290062771388152
10.79897573999915 0.0086100687866313575
12.514709269999003 0.0082623059325323267
14.200414443999762 0.0081642797279657259
15.850106810998113 0.0082156512305758198
17.787441255000886 0.0081036705381376667
19.582927894000022 0.0081026292930301783
21.265875377997872 0.0081893622693690171
23.061684264997893 0.0082571705669160691
24.806229925001389 0.0080928414145886897
26.401594471004501 0.0080733886374619659
28.018613038002513 0.0080675307274958551
29.658082375004597 0.0080802171863102647
31.261274585005594 0.0080649396124449907
32.87995709500683 0.0080646852420180274
34.413583469009609 0.008057776700455186
35.945089343011205 0.008057405178486212
37.456444367009681 0.0080562713871675014
38.971078841015697 0.0080637372659089317
40.480775452022499 0.0080555420609630911
42.367586950022087 0.0080552858803372793
44.200247225024214 0.0080552163277062584
45.76235439802258 0.0080549579912136127
47.421291385020595 0.0080567383665672079
49.0601859230228 0.0080577877720382218
50.645956727021257 0.0080548045878602332
52.169448311018641 0.0080552283851525516
53.725661795018823 0.0080554201309739545
55.28078078301769 0.0080553649046638844
56.875294642013614 0.0080545642718922224
58.398567566015117 0.0080545357255407003
59.909592870011693 0.0080547198674354326
61.453932634009107 0.0080545144900241762
62.932671835005749 0.0080546394645712883
64.409111182001652 0.0080546178653628231
65.910310202998517 0.0080545507113861711
67.43797646999883 0.0080544886525171326
68.939727787001175 0.0080545079160075899
70.996015218006505 0.0080544770199829918
72.538249408004049 0.008054477814721437
74.067551667008956 0.0080544698513196119
75.5371157030022 0.0080544687623877089
76.994289677000779 0.0080546043068778356
78.45993726800225 0.0080544818508268192
79.921600645997387 0.0080544639347806656
81.429681675996108 0.0080545448042258338
82.878396056999918 0.0080544621913078065
84.335587738998584 0.008054463410011108
85.800073835991498 0.008054462396803963
87.29230597998685 0.0080544634272307226
88.753010824984813 0.0080544687823893256
90.22322866597824 0.0080544610343183543
91.698814543975459 0.0080544618537899178
93.162595433976094 0.0080544615562233111
94.635085487978358 0.0080544622936941455
96.116795012982038 0.0080544704241585323
97.583350917986536 0.0080544621272002626
99.048254500987241 0.0080544617781291589
100.48601388998213 0.0080544617236511067
101.92259016997559 0.0080544608150247537
103.38475578797807 0.0080544604193387766
104.82062883697654 0.0080544623253158421
106.25558760298009 0.0080544598000867051
107.68953516498004 0.0080544598148648231
109.13666318598553 0.0080544598044064025
110.56965490098082 0.0080544602920489469
112.00327336697956 0.0080544597680492994
113.43534770898259 0.0080544597700600764
114.86773940898274 0.0080544599737530573
116.30664070898638 0.0080544597249131746
117.75877604298876 0.0080544597162947144
119.21041558498837 0.0080544597146458095
120.66187498799263 0.0080544597844862155
122.20537781699386 0.0080544597039460333
123.91309037599422 0.0080544597162530464
125.3733233029925 0.0080544597160543217
126.83916518899059 0.0080544596983309086
128.34269778199086 0.0080544597010821194
129.80124241498561 0.0080544597805203236
131.25848333998874 0.0080544597100918394
132.75656099199114 0.008054459708487725
134.21225770598539 0.008054459704335196
135.73946181598876 0.0080544597365895289
137.22008691798692 0.0080544596964966814
138.67989180098812 0.0080544596950291297
140.2122800169891 0.0080544597193161309
141.71233173499058 0.008054459692866979
143.18148475499038 0.0080544596931453657
144.62966985699313 0.0080544596935148791
146.07687307798915 0.0080544596927235972
147.52716311499535 0.0080544596941760221
148.97911784499593 0.0080544596952238524
150.41518728099618 0.0080544596932189925
151.91180116299074 0.0080544596927851608
153.36691509399679 0.0080544596924838289
154.82689131799998 0.00805445969244473
156.29696432299534 0.0080544596924722132
157.74649248299102 0.008054459692346045
159.19353310398583 0.0080544596936185132
160.66966537699045 0.0080544596923001165
162.12091751498519 0.0080544596923187196
163.55697093698836 0.008054459692274557
165.00231669798814 0.0080544596922836505
166.45842715098843 0.0080544596923724683
167.91440401498403 0.008054459692278337
169.37343311498262 0.0080544596923379369
170.82051899798535 0.008054459692256339
172.27816807398631 0.0080544596922526544
173.72588750998693 0.0080544596923753306
175.24751603398909 0.0080544596922833816
176.73365999699308 0.0080544596922481494
178.21946618299989 0.0080544596922480245
179.68327688299905 0.0080544596922525191
181.14451887999894 0.0080544596922403067
182.666480726999 0.0080544596922413215
184.12995346899697 0.0080544596922661141
185.60178345500026 0.0080544596922668774
187.06670932899578 0.0080544596922375068
188.52441250899574 0.0080544596922363185
190.00837354100076 0.0080544596922487461
191.53369887900044 0.0080544596922369049
193.04439906399784 0.0080544596922371495
194.50710370099841 0.0080544596922383794
195.94407637899712 0.0080544596922357964
197.41592289099208 0.0080544596922359959
198.89515751098952 0.0080544596922382701
200.34056444598536 0.0080544596922360861
201.83272758998646 0.0080544596922355223
203.30488456398598 0.0080544596922358554
204.95825126898853 0.0080544596922363376
206.71118225398823 0.0080544596922351771
208.3058013639893 0.0080544596922363636
209.94352540098771 0.0080544596922354997
211.58366435198695 0.008054459692235132
213.10263294298784 0.0080544596922350747
214.60089708299347 0.0080544596922350973
216.11724674399738 0.0080544596922351545
217.64926242199726 0.0080544596922351597
219.19725337199634 0.0080544596922351476
