time obj
32.7076749080006 0.0138380582581478
62.7825311589986 0.0116979306401984
91.9256059510008 0.0104604594332573
120.780255587 0.00967764069623642
150.151983582 0.00916698576635099
179.131033611004 0.00882484295336534
207.984687754004 0.00859411607069471
236.726822213001 0.00843585012167791
265.544911687004 0.00832570152749314
294.086338827001 0.00824866342210113
322.557575870003 0.00819397516192504
351.170844161003 0.00815511719671869
379.673746448003 0.00812712939424672
408.088650946 0.00810692540901874
436.658646938002 0.00809247329458044
465.204082588003 0.00808195868030385
493.762231799003 0.00807431069290961
522.073011575998 0.00806873032221608
550.514474937001 0.00806465882343205
578.851580484999 0.00806183404073257
607.114325860999 0.00805987626643934
635.354506496002 0.00805845382712573
663.813477224001 0.00805741041832836
692.079053509999 0.00805664032513718
720.348844726999 0.00805607292149345
748.630038585005 0.0080556547640624
777.482634286003 0.00805534540200845
805.763266964004 0.00805511647520439
834.010485212002 0.00805494722273769
862.348945335001 0.00805482180400653
890.69349184 0.00805472881466898
918.934177799998 0.00805465983240409
947.121767428001 0.00805460861374592
975.567279559004 0.00805457060807432
1003.77680581 0.00805454235443924
1031.994506067 0.00805452134964344
1060.242677811 0.00805450568299015
1088.67119933001 0.0080544940193751
1116.89525081201 0.00805448533451932
1145.103894297 0.00805447885522767
1173.454865441 0.00805447401603229
1201.79401183 0.00805447040626366
1230.05844189701 0.0080544677098684
1258.29770140801 0.0080544656962491
1286.70544549601 0.00805446419017939
1314.97675517101 0.00805446306229918
1343.23449594601 0.00805446221980779
1371.48780439301 0.00805446158890311
1399.92885795401 0.00805446111553492
1428.22458225701 0.00805446076117251
1456.46523054901 0.00805446049541529
1484.705981814 0.00805446029596482
1513.15279528101 0.00805446014633754
1541.37858200201 0.00805446003383532
1569.61128119301 0.00805445994941366
1597.82916564901 0.0080544598859044
1626.27837950701 0.00805445983817978
1654.510101806 0.00805445980224246
1682.738302381 0.00805445977517473
1710.979237231 0.00805445975481997
1739.4313233 0.00805445973947115
1767.646893195 0.00805445972790075
1795.874178667 0.00805445971918771
1824.145473499 0.00805445971261025
1852.584173944 0.00805445970764626
1880.814391178 0.00805445970389741
1909.04466611 0.00805445970106091
1937.33898520499 0.00805445969892023
1965.751559781 0.00805445969730185
1994.036953563 0.00805445969607524
2022.30106363499 0.00805445969514795
2050.57680969299 0.00805445969444449
2079.10429758899 0.00805445969391201
2107.47255661199 0.00805445969350841
2135.719454999 0.0080544596932026
2163.960613558 0.00805445969297046
2192.398248121 0.00805445969279438
2220.635231901 0.00805445969266051
2248.845079062 0.00805445969255896
2277.087484105 0.00805445969248177
2305.516224272 0.00805445969242304
2333.77347043901 0.00805445969237831
2362.024889592 0.00805445969234427
2390.260727811 0.00805445969231839
2418.688121571 0.00805445969229865
2446.981283635 0.0080544596922836
2475.226904298 0.00805445969227214
2503.474107482 0.0080544596922634
2531.818827283 0.00805445969225671
2560.175299131 0.00805445969225161
2588.40046386 0.00805445969224773
2616.663773387 0.00805445969224475
2644.926820546 0.00805445969224248
2673.355700606 0.00805445969224074
2701.596923494 0.00805445969223939
2729.806143882 0.00805445969223837
2758.03009254401 0.00805445969223759
2786.41701884701 0.00805445969223701
2814.673584874 0.00805445969223654
2842.870393542 0.0080544596922362
