time obj
16.602590684000461 0.040554645720512025
33.211705477006035 0.038908317550900601
47.437570230002166 0.031677824641122107
61.334486328007188 0.028388471520458182
74.909316682009376 0.026073203461155853
88.334824305005895 0.024424639911809747
101.60423749400798 0.02317830291952238
114.80145214300865 0.022199410968608665
127.93259107901395 0.021406402138489673
140.96117592701194 0.020748906304999995
153.94097806100763 0.020191463218450924
166.91077462300746 0.019711731690945433
179.83871513501072 0.019292770208295403
192.73183343101118 0.018922792197370079
205.60112128601031 0.018592807609367077
218.44085786901269 0.018295911660687031
231.26831624200713 0.018026656264262999
244.08660446500289 0.017780688150446349
256.90340553900023 0.017554762606881758
269.65558022999903 0.017346106047174938
282.52829020599893 0.017152465699434304
295.31032395699731 0.016971989284092989
308.06493624399445 0.016803300923663816
320.81623378499353 0.016645013718203736
333.56654992699623 0.016496057528567577
346.26353129398922 0.016355392085967313
358.98703593798564 0.016222272128139779
371.69132142298622 0.016096037711226713
384.39384047498606 0.015976043684526296
397.07539439198445 0.015861681792436726
409.76874501298153 0.015752542875367797
422.43751475997851 0.015648232781336473
435.10610019297746 0.015548297523990159
447.77660720497806 0.015452449340465902
460.44930053297867 0.015360370460923818
473.10525094297918 0.015271807088290075
485.76076680498227 0.015186546333741304
498.41908074798266 0.015104395130123011
511.02660080997885 0.015025090683085293
523.67420021097496 0.014948488481789278
536.31780789497134 0.014874423041790081
548.96682038596919 0.014802674787492443
561.61425937996682 0.01473313948667678
574.2642998989686 0.014665690759307149
586.83155818696832 0.014600230100186353
599.45953451396781 0.014536666991037027
612.08346186296694 0.014474855024891544
624.71812213496742 0.014414713729380987
637.33547963096498 0.014356157259149679
649.97962042297149 0.014299130585834586
662.5848619829776 0.014243554046573023
675.21926943398284 0.014189337472542054
687.86188180198224 0.014136441489475533
700.48851220797951 0.014084795957472586
713.10789019597723 0.014034320804730669
725.73245036198205 0.013984962753269577
738.3369751859791 0.013936699496453032
750.9328948309776 0.013889473484402266
763.56462743697921 0.013843240527261044
776.18723903097998 0.013797949713217872
788.80393509798159 0.013753560385145492
801.43141864197969 0.013710061027709166
814.05180875497899 0.013667413932849561
826.64155546597613 0.013625595711192607
839.2814892389797 0.013584567822493539
851.91291681298026 0.013544297450146363
864.54146702198341 0.013504755610268589
877.18730232097732 0.013465935743761107
889.82308676598041 0.013427803193156358
902.40593336297752 0.013390346376678514
915.03642938097619 0.013353547996778879
927.67408687797433 0.013317379959557526
940.30578308797703 0.013281815090814261
952.95498551797209 0.013246847624955515
965.60794316797546 0.013212424673247375
978.19032246197457 0.01317853650348568
990.83624127397343 0.013145168077949833
1003.4960506749776 0.013112309740087895
1016.1473370789754 0.0130799431840465
1028.8180355659715 0.013048062332671261
1041.4922301089682 0.013016647194316533
1054.0835258359657 0.012985692901227631
1066.7538480939766 0.012955187612253767
1079.414174900965 0.012925137249039435
1092.0698605309663 0.012895505822406615
1104.7405809569682 0.012866288562617036
1117.4038236749693 0.012837458151686144
1129.9867251149772 0.01280903162873959
1142.6440801579811 0.012780993812246781
1155.3092996879786 0.012753318972086243
1167.9762541939781 0.012725996924576134
1180.6457105239751 0.012699027903843868
1193.3208777619657 0.012672402685692108
1205.9125551989637 0.012646105581312655
1218.5858785019591 0.012620148940538258
1231.2552614449596 0.012594505392708677
1243.919216185961 0.012569180729986295
1256.5987905529691 0.012544169254091707
1269.260458947967 0.012519463653049557
1281.8460789749734 0.012495059729735112
1294.5116451449649 0.012470937324769685
1307.1704339199714 0.012447088328798551
1319.8317000509633 0.012423511699546445
1332.5055288389631 0.012400196282014239
1345.1489397069599 0.012377146732041804
1357.7328888939592 0.012354348789582716
1370.3895334569606 0.012331800102742768
1383.0545816529557 0.012309501480072099
1395.7109233849551 0.012287456554820241
1408.3858374989577 0.012265651775584457
1421.0473011819631 0.012244087251540976
1433.6502111459631 0.012222749746615665
1446.3365390559557 0.012201639001492563
1459.0142980339515 0.012180756460037578
1471.6955842849493 0.012160079639820605
1484.3905280299587 0.012139615745761117
1497.0430516509587 0.012119365033192765
1509.6667526299643 0.012099318715940459
1522.3590181229738 0.012079465673986867
1535.057323753972 0.012059823888694823
1547.7625278319683 0.012040373056367253
1560.4647134879706 0.01202111875967434
1573.1017110169705 0.012002055978759541
1585.7560592769805 0.011983170035900931
1598.4733652839859 0.011964466552100964
1611.189243481982 0.011945934835849836
1623.9085411199849 0.01192757259495039
1636.6282829879856 0.011909377510074218
1649.2661306779846 0.011891346359301015
1661.9584625749922 0.011873490942736972
1674.6803201639923 0.011855813514392117
1687.3941358299999 0.011838290078329698
1700.1215461189931 0.011820933008158802
1712.829459292996 0.011803746028145903
1725.4635057490013 0.0117867187920268
1738.185821020008 0.011769842853492892
1750.9031337620036 0.011753120887076295
1763.6246086050014 0.011736545785900519
1776.3445968379892 0.011720116554087103
1789.041588354994 0.011703836942005465
1801.6824238369954 0.011687702528040382
1814.4089335049866 0.011671706583192061
1827.1376093309882 0.011655863870934429
1839.8505160399873 0.011640163788494388
1852.5826916279839 0.011624605122420003
1865.2386725579781 0.011609172139847737
1877.8922212529797 0.011593866593572201
1890.6318810919693 0.011578696852747039
1903.3637277349699 0.011563652822141746
1916.1007459809698 0.011548729383186391
1928.8412899259638 0.0115339283894036
1941.5016872689521 0.011519246200485061
1954.2094803429572 0.011504687274783217
1966.9714066759552 0.011490250272673797
1979.7280229039534 0.011475934209841134
1992.4889128439609 0.011461742561006762
2005.2173177339646 0.011447665571450334
2017.8904678789768 0.011433701790289425
2030.6512542159689 0.011419850256004931
2043.3984177439779 0.011406111500161404
2056.1620202599661 0.01139248044880747
2068.9299132089727 0.011378959164126014
2081.6126968309763 0.0113655436813447
2094.3055891639742 0.01135222849727331
2107.0730889329643 0.01133902160643503
2119.8260871219609 0.011325921465582346
2132.5882886239633 0.011312924681849445
2145.3415647889706 0.011300032050136818
2158.0194649239784 0.011287255384401253
2170.7339167719692 0.011274580209057201
2183.4978854769797 0.011261997897276685
2196.2558364269717 0.011249504299712599
2209.0389369309778 0.011237102816660051
2221.7454904099795 0.011224789181406425
2234.4214504609772 0.011212570438424994
2247.1820185759789 0.011200443674645457
2259.9408193379859 0.011188407620502843
2272.7129673309901 0.01117645938559535
2285.4855386109921 0.011164598348294015
2298.1653986319943 0.011152826664461048
2310.8697556429906 0.011141137710317908
2323.653727519988 0.011129532805255488
2336.4302519899866 0.01111801222811825
2349.215164236979 0.011106572916204187
2361.9356139139927 0.011095215262808447
2374.6319025839985 0.011083943565553662
2387.4118581790026 0.01107274831707932
2400.1950680140071 0.011061636063686649
2412.9840032430002 0.011050604367790814
2425.7635247530052 0.011039648730773998
2438.468257796012 0.011028770681045481
2451.1910359390095 0.011017965071612221
2463.9796514000118 0.011007245638403676
2476.7673507430081 0.010996599346780761
2489.5659135800161 0.010986022773539878
2502.3052568660132 0.010975515051941194
2515.0171267850164 0.010965072310463453
2527.8084206080166 0.010954702136698111
2540.6110264190138 0.010944406266996075
2553.4128276610209 0.010934178452145296
2566.2145699150205 0.010924019916372941
2578.9316842900225 0.01091392641913044
2591.6701950870265 0.010903898388056103
2604.4689714630294 0.010893933708789763
2617.2730798410266 0.010884034833009832
2630.0949149150329 0.010874199726438763
2642.8341803410367 0.010864427006064156
2655.5608853360391 0.010854715550068656
2668.3748313240285 0.010845065232260066
2681.1900803750395 0.010835476196490937
2694.0205956020436 0.010825950835077943
2706.8109240570557 0.010816491037500119
2719.5446262400583 0.01080709017524405
2732.3107208540678 0.010797747478048179
2745.1326953540774 0.010788465997951031
2757.9728125140755 0.010779247942324294
2770.8017529580757 0.010770091213899564
2783.5452719020759 0.010760994468818164
2796.294479972079 0.010751958073455133
2809.1352122980825 0.010742981610658918
2821.9755836310869 0.010734058748822464
2834.8320679160897 0.010725191461587567
2847.599449270092 0.010716384670420881
2860.3514682860914 0.010707633709093688
2873.1731539610992 0.010698933563050735
2886.0081533111006 0.010690285099915044
2898.8581995451023 0.010681690090518193
2911.6715022181088 0.010673144618762526
2924.4301452601139 0.010664648438145134
2937.2150223141143 0.010656204536327067
2950.0653673961133 0.010647809883571764
2962.9352872321106 0.010639462883590523
2975.7948748041017 0.010631168064682677
2988.5654996000885 0.010622925483396153
3001.3380940780844 0.010614731257491907
3014.2103391810888 0.010606587924512266
3027.0698777120924 0.010598489526822807
3039.9477935320974 0.010590436374034135
3052.7217356191031 0.010582430449892597
3065.4970293810984 0.010574472379887671
3078.3389052610946 0.010566561083390864
3091.2042267450961 0.010558698135183408
3104.0699925950976 0.010550886119043036
3116.8709480351026 0.010543120769260523
3129.646988196102 0.010535400215288444
3142.4562028711007 0.010527725810714126
3155.319127209099 0.010520100407079815
3168.2063219601041 0.010512520614662521
3181.062779518099 0.010504987837011667
3193.8500608441027 0.010497498344483854
3206.6430297651023 0.010490054569494941
3219.5242553300995 0.010482655632952953
3232.410241545098 0.010475296638726206
3245.2871128150946 0.010467979368366286
3258.0848625151048 0.010460702661810787
3270.8880449271019 0.010453468533230675
3283.7796740640988 0.010446274973026581
3296.6810219030958 0.010439120836546825
3309.5997187021057 0.010432012119674195
3322.4081392560984 0.010424941771000555
3335.2226932601116 0.010417909227532475
3348.10604677011 0.010410913583365891
3361.019485774108 0.01040395843080371
3373.9394576581035 0.010397041499762069
3386.7601403981171 0.010390162381325849
3399.5841731481269 0.010383323494535038
3412.4599664401248 0.010376523886237138
3425.3819614811291 0.01036975982392669
3438.3190421251275 0.010363032309055583
3451.1680441211283 0.010356338927114479
3464.00725032013 0.010349680751600782
3476.8735223081239 0.010343062906071097
3489.8103195251242 0.010336480034454238
3502.7542360601146 0.010329935187037899
3515.6259138431124 0.010323425988800559
3528.4633700161139 0.010316956018525255
3541.3216278121181 0.010310522978856497
3554.258520693118 0.01030412652557974
3567.2053744211225 0.010297763051281909
3580.0945139401229 0.010291431140263752
3592.9370475411197 0.010285136596820014
3605.7917438111108 0.010278879040015934
3618.7354073291135 0.01027265620339889
3631.6930519151138 0.010266466268940778
3644.6089527341173 0.010260306514728543
3657.4640006861227 0.010254176661778858
3670.3302746791232 0.010248080098263668
3683.2781275501256 0.010242021063390354
3696.2539443971255 0.010235994595941975
3709.180826550124 0.010229998130831855
3722.0521606671173 0.010224030882789533
3734.92756655212 0.010218095852820127
3747.9110710471214 0.010212191161678267
3760.8980601091243 0.010206314868635413
3773.8340128581258 0.01020047022824587
3786.7139458521197 0.010194661569716075
3799.5981615521086 0.010188884096327658
3812.5758106681096 0.010183139010761186
3825.5655276391117 0.010177424459217412
3838.521612348115 0.01017174477297325
3851.4183814591161 0.010166092805843038
3864.3190083841255 0.010160470797212662
3877.3213116891202 0.010154876617635736
3890.335955148119 0.010149311088799023
3903.2904732001261 0.01014377272883637
3916.204383946133 0.010138262226728371
3929.1273466191415 0.010132779730551947
3942.1390166511337 0.010127323096160757
3955.1602536061328 0.010121896078010484
3968.1324634171397 0.010116496689018538
3981.0549234121354 0.01011112981880411
3993.9767689651417 0.010105787288392957
4006.9985741591445 0.010100469590066339
4020.0311899071457 0.01009517699734693
4032.989414624135 0.010089908901498631
4045.9183316661438 0.010084667091068757
4058.8478234101422 0.010079450374210604
4071.8727123451463 0.010074257000453044
4084.9032468121368 0.010069087024731277
4097.8505166481409 0.010063941161683835
4110.785738264145 0.010058819568238717
4123.7291457341416 0.010053723970823426
4136.7584896291446 0.010048651361411278
4149.8059879901484 0.010043602087462449
4162.7421215941504 0.010038576977377013
4175.6817187591441 0.010033574036953631
4188.6424302611485 0.010028593283508639
4201.6911563411486 0.010023635415392074
4214.7395238721583 0.010018704414224887
4227.6840952401471 0.01001379502216471
4240.6316448921498 0.010008907589855591
4253.6145978481436 0.01000404344026643
4266.6767345221524 0.0099992035721671972
4279.7167907781477 0.0099943870434415268
4292.6656000441508 0.0099895916447564174
4305.6139771751405 0.0099848171840631311
4318.6070652061389 0.0099800653601224004
4331.6656203421371 0.0099753346613665507
4344.679453141136 0.0099706269203390773
4357.6202846511369 0.0099659432200342579
4370.564573322139 0.0099612866755929702
4383.5739620951426 0.0099566554204445698
4396.6265057681376 0.0099520476670270711
4409.6302553611386 0.0099474606469057668
4422.5858983731378 0.0099428956032875052
4435.5458230021395 0.0099383511354046872
4448.608626956142 0.0099338283382036947
4461.701081935149 0.0099293274555041361
4474.6850486621479 0.0099248457431169758
4487.6571446491507 0.0099203838455093965
4500.6335729291532 0.0099159422431955441
4513.7119077811585 0.0099115209505538128
4526.7870169721646 0.0099071184057352626
4539.7653704781624 0.009902735692824606
4552.7414243851745 0.0098983725128486289
4565.7278202511734 0.0098940304503632587
4578.8064820051732 0.0098897071625280702
4591.8636858981699 0.0098854045352725645
4604.8412039051691 0.0098811217775381793
4617.8227654221773 0.0098768595471649782
4630.8450250301757 0.0098726160730923315
4643.9359704801827 0.0098683912434662322
4656.9630852031914 0.0098641854142759028
4669.943145919191 0.0098599976232341454
4682.9238718351917 0.0098558269140749527
4695.9869841011896 0.009851676344758465
4709.0911076781849 0.0098475466020292498
4722.0782614721757 0.0098434343852664384
4735.0672119611772 0.0098393398007838844
4748.0541000151643 0.0098352630484744349
4761.1429685511612 0.009831203007672866
4774.2308536061537 0.009827160065484097
4787.2256958021535 0.0098231333701468936
4800.2237252341511 0.0098191225885734292
4813.2359238001591 0.0098151286132079924
4826.3449798521542 0.0098111514130957023
4839.3989059211526 0.0098071913637099006
4852.3938076321574 0.0098032495279478764
4865.3933357881542 0.0097993260770824608
4878.4475776441614 0.0097954192437660799
4891.5543735561587 0.0097915284144301767
4904.5544051361576 0.009787654024950557
4917.5576136641539 0.0097837957676773571
4930.5658164111592 0.0097799526522873506
4943.6733242731643 0.0097761242369991622
4956.7852067541608 0.0097723123343678199
4969.7970709261645 0.0097685170348780718
4982.8056392331564 0.009764737081551917
4995.8247709071511 0.0097609734783585343
5008.9495685311485 0.0097572262384445965
5022.0103443061453 0.0097534937459656055
5035.0224701191546 0.0097497758732740403
5048.0374305711521 0.009746071517283782
5061.1081404141514 0.0097423818735985334
5074.2402285951466 0.0097387084380460807
5087.25964660514 0.0097350491244184087
5100.2769298861313 0.0097314034904793442
5113.2949837941342 0.0097277725126155724
5126.4306620441421 0.0097241556067785805
5139.5328554221414 0.0097205526010049354
5152.5483544921372 0.0097169628565815461
5165.5673648721349 0.0097133874281399146
5178.6053289991323 0.0097098262257457359
5191.7560840621372 0.0097062787432333451
5204.7924006481408 0.0097027450984542123
5217.8159162971351 0.0096992246644592855
5230.8452591421301 0.0096957176377985756
5243.9578019721303 0.009692225002684034
5257.0946743531313 0.0096887460785188631
5270.1323776141289 0.0096852810025003684
5283.1753102311268 0.0096818293585862851
5296.2229734661305 0.0096783903439276609
5309.3738567691253 0.0096749642390733959
5322.4541939861156 0.0096715513997183387
5335.4997701671164 0.0096681525146299317
5348.5495019521113 0.0096647675113210769
5361.6520901251133 0.0096613954539683938
5374.8176417671129 0.0096580375209244784
5387.8703009201199 0.0096546931993433099
5400.924698464114 0.0096513630098129556
5413.9850139671107 0.0096480455880949053
5427.153934578113 0.0096447409956782436
5440.2609017621216 0.0096414493250942257
5453.3250269071214 0.0096381709488740728
5466.3867223761117 0.0096349042542265197
5479.490923918107 0.0096316486412987359
5492.6625699931101 0.0096284054306060886
5505.7275078861057 0.0096251758993720713
5518.7972085821166 0.0096219599118717442
5531.8634234351121 0.0096187595550460744
5545.0468705181192 0.0096155718204532087
5558.1612619951266 0.0096123972256020457
5571.2240863031257 0.0096092347617282806
5584.2898631071366 0.0096060837649962066
5597.3836422871464 0.0096029437040565414
5610.5565576991576 0.009599814573006453
5623.6257731821461 0.0095966969133004371
5636.6960392021501 0.0095935936343659808
5649.7681971651546 0.0095905012722472902
5662.9593963461448 0.0095874196043718336
5676.0639273391498 0.0095843503956498759
5689.1428985021557 0.0095812940959514124
5702.2211116431645 0.0095782497199217113
5715.3323354181703 0.0095752195961044274
5728.5104956131618 0.0095721998744489837
5741.5884684621633 0.0095691910890664846
5754.6651889011628 0.0095661944352141565
5767.7434511421525 0.0095632102985616831
5780.9528375001464 0.0095602365426252535
5794.0506272551502 0.0095572733497081772
5807.1330178621502 0.0095543199111782773
5820.2119119191411 0.0095513777321894963
5833.332140098144 0.0095484459566546852
5846.5096409511389 0.009545524561473796
5859.5896516711291 0.0095426140036651876
5872.6684189051375 0.0095397144088637618
5885.7520011401284 0.0095368248096080136
5898.9421562171265 0.0095339458110131545
5912.0173272151224 0.0095310777884316539
5925.0935950641215 0.0095282198092110967
5938.1702376021349 0.0095253707002795947
5951.2994960411379 0.0095225306458283435
5964.4564617521319 0.0095197010641098149
5977.533313838132 0.0095168817328668553
5990.6170286291381 0.0095140714027475322
6003.7107286641476 0.0095112702109412545
6016.9109750881544 0.0095084787346929236
6030.0043347771643 0.0095056980256437197
6043.1011848491689 0.0095029269921566503
6056.2001076721717 0.0095001659050344273
6069.3981069171787 0.0094974142228326647
6082.5183817351717 0.0094946726078868598
6095.6227695401831 0.0094919414936189984
6108.7273158301759 0.0094892208936912855
6121.8590133471807 0.0094865103626378885
6135.0355915541804 0.0094838087894047931
6148.1365184971874 0.0094811170767827701
6161.2367184081886 0.0094784345811666955
6174.3382747051874 0.0094757612417706912
6187.5509787691917 0.0094730968374161818
6200.6534495911837 0.009470442505107729
6213.7554778221747 0.0094677983821653319
6226.8608796291737 0.0094651637821156782
6240.0282907481815 0.0094625378675488626
6253.1668097961738 0.0094599216345491333
6266.2782725261713 0.00945731411128088
6279.3951156411713 0.0094547163368467347
6292.5316790601719 0.0094521289057294747
6305.720576490181 0.0094495501354623507
6318.8420414221837 0.0094469799405028747
6331.963593540182 0.0094444189823229118
6345.0869615961783 0.0094418675536448744
6358.3209696941703 0.0094393247534384529
6371.4533609271675 0.0094367901195264933
6384.5870704961635 0.0094342646239200904
6397.7207173491697 0.0094317466573789407
6410.9317800721692 0.0094292368970853094
6424.0668570891648 0.0094267359163096084
6437.2025494161571 0.0094242428351201148
6450.342909386156 0.0094217586660776294
6463.5115787831528 0.0094192822754866658
6476.7031146681475 0.0094168138952790241
6489.8480585291472 0.0094143537907889312
6502.9916902301557 0.0094119029620083599
6516.1375118431533 0.0094094603681621238
6529.3648016181469 0.0094070254772620453
6542.5114274721491 0.0094046000644595774
6555.6603062801514 0.0094021827243389935
6568.8093796251414 0.0093997739015915602
6582.0538123561491 0.0093973735679435261
6595.2064600711528 0.0093949823179432772
6608.3592089261438 0.0093925990111825477
6621.5164327241437 0.0093902229738803706
6634.7213249751439 0.009387854591440108
6647.8764395801336 0.0093854935121621755
6661.0331863081301 0.009383139341266394
6674.1969539341299 0.0093807921382686125
6687.3713741281317 0.0093784526961861441
6700.5731806991316 0.0093761206348718391
6713.7271841781258 0.0093737960032063763
6726.8838738961276 0.0093714780987270273
6740.04391670513 0.0093691672715782645
6753.2720442231293 0.0093668631507996848
6766.4206602911217 0.0093645670537002342
6779.569585430123 0.0093622775307695364
6792.7208067111133 0.0093599946766636712
6805.9503326021149 0.0093577191654908663
6819.0964181811214 0.0093554505314125437
6832.2389635841319 0.0093531883841054958
6845.3813087521339 0.009350934098654496
6858.578675817138 0.0093486866184270302
6871.719354718145 0.0093464459385595739
6884.8658704481422 0.0093442157136067114
6898.0144102811391 0.0093419929212235492
6911.1974734881442 0.0093397782856121138
6924.3536550111385 0.0093375708332387244
6937.5124893031389 0.0093353696667225882
6950.6731942841361 0.0093331748645698806
6963.8419321871406 0.009330986901559769
6977.0392344121428 0.0093288075948613821
6990.2061746901381 0.0093266345637019708
7003.3705417671372 0.0093244685694646792
7016.5343969681344 0.0093223084443641527
7029.7596030801287 0.009320154555222275
7042.9218420121251 0.0093180069209298343
7056.0902828141334 0.0093158662682837085
7069.2588646451259 0.0093137318108629779
7082.5002032201228 0.0093116032988149432
7095.6690858121219 0.0093094807188798725
7108.8384274191121 0.0093073639059466501
7122.0085948201086 0.0093052534524227983
7135.2321287321174 0.0093031489701352089
7148.3982407461226 0.0093010509197861135
7161.563817005117 0.0092989587510679053
7174.7307163251171 0.0092968722123767042
7187.9399060131182 0.0092947914530767915
7201.1115470291188 0.0092927169399925711
7214.2858613561184 0.0092906481745773511
7227.4602921301193 0.0092885854405550094
7240.66580324612 0.0092865298017718399
7253.845862597118 0.0092844801131347927
7267.0210778041292 0.0092824363094660949
7280.197791749124 0.0092803983778131614
7293.3926590211267 0.0092783662631120978
7306.5729336361328 0.0092763403920281592
7319.7550090441291 0.0092743206219796578
7332.9333064941384 0.0092723073775907907
7346.1187013131348 0.0092703001272293716
7359.2924691061417 0.00926829870658126
7372.4613116831388 0.009266304077101337
7385.6323420831395 0.0092643152226799998
7398.8044690891475 0.009262332652611149
7411.9735139311451 0.0092603552468412623
7425.1424293591481 0.0092583830499346695
7438.319631703147 0.0092564167848481396
7451.5035130451506 0.0092544562488069155
7464.7033271311593 0.0092525008741344648
7477.8866181721605 0.0092505517501276016
7491.0725249711468 0.0092486090805220678
7504.2589696101422 0.0092466715488791016
7517.4658553131521 0.0092447399064937881
7530.6578565501623 0.0092428154218252932
7543.8476303061543 0.0092408974994582765
7557.0405960581629 0.0092389852408668784
7570.2541304641709 0.0092370783994622924
7583.451021664172 0.0092351763045636776
7596.6459261431664 0.0092332787652349181
7609.8464507841782 0.0092313861371975375
7623.0664111481674 0.0092294987234636337
7636.2710821831643 0.0092276166446821021
7649.4775465321654 0.0092257394446874103
7662.6828906541705 0.0092238677624235498
7675.8974446921711 0.0092220012487396318
7689.1039475411599 0.0092201399379799095
7702.309074575147 0.0092182834740764472
7715.5151955641559 0.009216432187289245
7728.7311009861514 0.0092145868471877942
7741.9455551951614 0.0092127473064027663
7755.1549555011661 0.0092109128156698961
7768.3625426171711 0.0092090829763669824
7781.5723790441771 0.0092072577176455575
7794.785218667188 0.0092054373099604951
7808.0020532391864 0.0092036221164136997
7821.2194510791815 0.0092018124744237869
7834.4394835411731 0.0092000081420721882
7847.6672118441857 0.0091982086285850723
7860.888622629187 0.0091964140322374193
7874.1075240311911 0.0091946241458211019
7887.3252500871895 0.0091928385912933702
7900.5412346181984 0.0091910576289422567
7913.7560292281996 0.0091892816524001102
7926.9716331662057 0.0091875098366847856
7940.1901589221961 0.009185742432064721
7953.4085443361837 0.0091839792789471953
7966.6298844601843 0.0091822208463244962
7979.8528013631731 0.0091804664354601731
7993.0742410421808 0.0091787174939048626
8006.2995690001699 0.0091769733225522537
8019.5299214651604 0.0091752343804552793
8032.7625066011533 0.0091735008705206064
8045.9988102521456 0.009171773113349083
8059.2365235691541 0.0091700502807630212
8072.4688045641524 0.0091683335644842587
8085.70030911715 0.0091666218224606185
8098.9339879011386 0.009164915242304705
8112.1651522421307 0.0091632130693326264
8125.396417744123 0.0091615162354233993
8138.6246466141165 0.0091598245958312199
8151.8509009011177 0.0091581376454843589
8165.0801042291132 0.0091564550737554939
8178.3102101591212 0.0091547770323746336
8191.5405946371175 0.0091531043886190384
8204.7687991011189 0.0091514359008615983
8217.9949211671192 0.0091497714258972733
8231.2192891861196 0.0091481108359860713
8244.4471006961103 0.0091464544762282201
8257.6760100070969 0.0091448028229636786
8270.9099338990927 0.0091431555290109132
8284.1457379400963 0.009141512438780702
8297.3819384371018 0.0091398732344092522
8310.6180401181045 0.0091382384775829384
8323.8565019741072 0.009136607960316066
8337.1000448491104 0.0091349822230293275
8350.3430331521085 0.009133360671598827
8363.5909337221092 0.0091317434052439871
8376.8348422151175 0.0091301305003088553
8390.0786878751096 0.0091285227079924321
8403.3228381981171 0.0091269187296474704
8416.5668379351264 0.0091253184932251416
8429.8111704521289 0.0091237223538054701
8443.0551773631305 0.0091221308403414882
8456.2970955761266 0.0091205434661727949
8469.5397215341218 0.009118960018434711
8482.7799959541153 0.0091173806957630527
8496.0212296311074 0.0091158051115180234
8509.2652882501134 0.0091142341437047674
8522.5123269071191 0.0091126680370843694
8535.7582198381133 0.0091111060585326344
8549.0026261641033 0.0091095480090442257
8562.2472278391069 0.0091079936597776266
8575.4903196601081 0.0091064437069903834
8588.7384354591195 0.009104898042811442
8601.9879900621163 0.0091033559135069771
8615.2395430831093 0.0091018175404237994
8628.4971027011197 0.0091002828877196247
8641.7542922001157 0.0090987520398011432
8655.0111648151069 0.0090972249779398291
8668.2707982751017 0.009095701767182501
8681.5353425711073 0.0090941825030917342
8694.8029028751189 0.0090926667882044749
8708.0698489051138 0.0090911544920776223
8721.3373348751193 0.0090896456370362765
8734.6058120551315 0.0090881405558243932
8747.8731214281288 0.009086638879703738
8761.1428716061346 0.0090851408960549076
8774.4125072231254 0.0090836470777249968
8787.6790587171272 0.0090821569922741544
8800.9460363751277 0.0090806704013365203
8814.2155756571301 0.0090791873537681752
8827.4862838361296 0.0090777079889923402
8840.7550876761234 0.0090762322157750853
8854.0234669201163 0.0090747599334403579
8867.2860804201191 0.0090732920462748539
8880.544018541128 0.009071828127043307
8893.8088256351184 0.0090703675920276033
8907.0692025701137 0.0090689121173619623
8920.3279088471027 0.0090674603307997342
8933.5882587621018 0.0090660120141590108
8946.8511999101029 0.0090645670930757007
8960.1222673181037 0.0090631259686430529
8973.3954446331045 0.0090616890533565791
8986.6679894571134 0.0090602559733286465
8999.9407334161224 0.0090588260066387302
9013.212580486128 0.0090573994835648763
9026.4821984551236 0.0090559768148899388
9039.7511906071159 0.009054557390358639
9053.0229181161121 0.0090531414643609774
9066.2941995711153 0.0090517293126652198
9079.5649299201032 0.0090503211779260264
9092.8387142571009 0.0090489171771137335
9106.1097392291122 0.0090475162776538099
9119.3831644231104 0.0090461187948281587
9132.6565236730967 0.0090447251254728734
9145.9368499590928 0.0090433352697112356
9159.2179024010838 0.0090419484751700693
9172.4983785850782 0.0090405647760145886
9185.7777022210794 0.0090391840370393946
9199.0556027870771 0.009037806420583043
9212.3363483120775 0.0090364320474544003
9225.6201961220795 0.0090350607844021224
9238.9045329290675 0.0090336927175193576
9252.18671533007 0.0090323276371260721
9265.4667033420701 0.0090309653418307444
9278.7421256390662 0.0090296064456410474
9292.0147551940754 0.0090282506430883099
9305.2892761850817 0.0090268982178232995
9318.5648938000813 0.0090255489359615578
9331.8424656090792 0.0090242029393947515
9345.1210651920846 0.009022859591383563
9358.3972939930827 0.0090215196927540646
9371.6734257510834 0.0090201834591572567
9384.9469426980795 0.0090188503318494196
9398.2205520230782 0.0090175199102251885
9411.4997887120699 0.0090161924108780392
9424.7767335770623 0.0090148675761365076
9438.0550514160568 0.009013545370457109
9451.3306040420575 0.0090122264021284815
9464.6070442770579 0.0090109101302197382
9477.8858796470595 0.0090095964897761623
9491.163920843057 0.009008285534441704
9504.446857587056 0.0090069776231087289
9517.7316832700599 0.009005672779858408
9531.016052733059 0.0090043711821023546
9544.3007680530573 0.0090030723196977067
9557.586096595056 0.0090017764130026229
9570.8733310830576 0.0090004832214351724
9584.1594775560516 0.0089991930304195288
9597.4459305230557 0.0089979054502586277
9610.7250934320473 0.0089966204272372528
9624.0076376010547 0.0089953380943840495
9637.2925981770532 0.0089940588325653006
9650.5855117290484 0.0089927825545065582
9663.8843807110534 0.0089915090730271034
9677.1876574320486 0.0089902381072198279
9690.4869633290509 0.0089889698602873911
9703.7811295880529 0.0089877047954125041
9717.0744288660499 0.008986442461396368
9730.3721525710571 0.0089851831210639079
9743.6765955370647 0.0089839267091952092
9756.9806937840622 0.0089826735202411696
9770.2825791080686 0.0089814233283649694
9783.5780873320764 0.0089801758055927192
9796.8747710090684 0.0089789311235097397
9810.1722906470677 0.0089776898764637077
9823.4731849600648 0.0089764513840554436
9836.771983969069 0.0089752157642590553
9850.0758425730601 0.0089739827444205705
9863.3861488020484 0.008972752311774107
9876.6898791070562 0.0089715244785453525
9889.9984618920571 0.0089703002359449967
9903.306821558057 0.0089690797253556866
9916.6152609950514 0.0089678618846185387
9929.9233963960578 0.0089666470512050466
9943.2301835190592 0.008965435175660565
9956.5347937910556 0.008964225637626326
9969.8397082350566 0.0089630183774735053
9983.1443469220685 0.0089618135464626866
9996.4511488170683 0.0089606115723983824
10009.757606014071 0.0089594125099299905
10023.059933168071 0.0089582163080436806
10036.360092052069 0.0089570236594901567
10049.657557084065 0.0089558332520200453
10062.95712570606 0.0089546452416212237
10076.258739995057 0.0089534596263092219
10089.562588160057 0.0089522768005229451
10102.868313948056 0.0089510961527673669
10116.17400357507 0.008949917789105373
10129.47931535606 0.0089487416379552907
10142.781983211069 0.0089475679360773875
10156.082859293077 0.0089463973191279498
10169.384309293077 0.0089452301839903544
10182.690557948081 0.0089440655735547846
10196.001634465079 0.0089429031076865128
10209.31542654807 0.0089417430431325638
10222.631900453067 0.0089405851399207391
10235.947385007064 0.008939429650714625
10249.261166655066 0.0089382763837282178
10262.57224548707 0.0089371254279747674
10275.881829948063 0.0089359770854795639
10289.193430265062 0.0089348311790120906
10302.506405287058 0.0089336878366494017
10315.820185325065 0.0089325468230453085
10329.13434198407 0.0089314084430219716
10342.450411669066 0.0089302723143399772
10355.774307664076 0.0089291395250046795
10369.097054251077 0.0089280089781961294
10382.421819105075 0.0089268808013204335
10395.747075787076 0.0089257548423457515
10409.074300777065 0.00892463146326547
10422.401305775071 0.0089235105305352294
10435.727750487058 0.0089223925436522598
10449.05323067306 0.0089212771926230148
10462.38130356207 0.0089201639257750175
10475.705875026077 0.0089190534254387013
10489.029890035075 0.0089179456073271123
10502.347025325071 0.0089168404888597397
10515.668912399065 0.008915738014120619
10528.995666510062 0.0089146378660806859
10542.325211177056 0.0089135401501729185
10555.656785246058 0.0089124445914346116
10568.988897910051 0.008911351462426418
10582.319271327055 0.0089102609293583105
10595.647248675057 0.0089091725758378426
10608.975541903055 0.0089080872968897041
10622.301164458055 0.0089070049219048004
10635.626293572059 0.0089059248087693475
10648.954254316064 0.008904846758563071
10662.28491936106 0.008903770937890982
10675.61962605505 0.0089026976200751243
10688.955196679046 0.0089016262276922567
10702.293401303032 0.0089005568300041596
10715.632294034032 0.0088994894441358774
10728.970104821026 0.0088984247914516874
10742.307252948027 0.0088973621668452397
10755.647200272026 0.0088963018539177686
10768.986777941027 0.0088952440362095059
10782.327264618027 0.0088941879354408147
10795.668644266028 0.0088931335556997389
10809.011840328036 0.0088920818192416949
10822.35801987804 0.0088910320301901387
10835.704915253038 0.0088899842839568737
10849.051898649035 0.0088889387294445663
10862.398931498043 0.0088878952673653797
10875.746291069037 0.0088868541177463661
10889.091345524037 0.0088858149054604728
10902.434473110043 0.0088847778600937947
10915.775637437036 0.0088837431896299866
10929.111414935047 0.00888271081160363
10942.446876317044 0.0088816804612687743
10955.780951739041 0.0088806522220145744
10969.112243615047 0.0088796264749938601
10982.447112432041 0.0088786029391873852
10995.78305363204 0.0088775812887137481
11009.121544138034 0.008876562092127423
11022.460211716039 0.0088755451199632358
11035.799718119029 0.0088745297682046066
11049.140570794028 0.0088735165017536886
11062.480858826035 0.008872506073833818
11075.82260772404 0.0088714974715519528
11089.162662126037 0.0088704908545409727
11102.506242306044 0.008869486720614269
11115.849417092046 0.0088684843520153971
11129.19184177705 0.0088674843311792647
11142.534434828063 0.0088664860359468911
11155.876880526062 0.0088654898469460626
11169.221766046059 0.0088644957668761581
11182.568086948071 0.0088635038624448031
11195.91334726206 0.00886251382317901
11209.25998298006 0.008861525909330108
11222.606564655056 0.0088605395334887174
11235.955391153053 0.0088595547634763572
11249.306350885061 0.0088585716907826975
11262.654438760059 0.0088575902020970494
11276.003160195061 0.0088566104139202635
11289.352478468063 0.0088556325753747622
11302.699121975063 0.0088546572324312515
11316.044061775072 0.0088536846499424442
11329.388138621085 0.008852713568413613
11342.734235803087 0.0088517439588877839
11356.084294730084 0.0088507765810337709
11369.434283705079 0.0088498110649576356
11382.788453920075 0.00884884737977535
11396.139105739087 0.0088478854861976305
11409.489069292089 0.0088469257615180295
11422.835617306089 0.0088459687420597323
11436.184223771095 0.0088450134694280733
11449.52767896709 0.0088440598776965904
11462.871093207097 0.0088431080765200495
11476.212411347093 0.0088421578276991625
11489.553307089096 0.0088412090294656409
11502.893880060088 0.0088402619023411691
11516.234274151095 0.0088393170545742403
11529.578633387093 0.0088383746039643885
11542.918660669093 0.0088374339375679317
11556.260118399092 0.0088364952482606774
11569.596294712101 0.0088355590553203626
11582.931226555098 0.0088346243588821594
11596.267603087108 0.0088336914694536021
11609.597938467108 0.0088327604897904394
11622.922970789106 0.0088318312945398509
11636.249906725105 0.0088309038441296128
11649.576228841092 0.0088299777600719213
11662.9035121661 0.0088290532652105375
11676.2306946631 0.0088281308296433662
11689.561977845107 0.0088272103932964894
11702.89192981011 0.0088262913463205382
11716.223633613103 0.0088253737560008531
11729.556685053103 0.0088244577996312752
11742.891527493106 0.008823543514199738
11756.227087773106 0.0088226308537004312
11769.567754864096 0.0088217196088379579
11782.910157938095 0.0088208105101116215
11796.248261991088 0.0088199037088713059
11809.586325575088 0.0088189987070109079
11822.923926288087 0.0088180953888155247
11836.259168572098 0.0088171938372903561
11849.591114535098 0.008816293770756262
11862.924575721103 0.0088153950399071247
11876.260218063093 0.0088144977022759727
11889.60255450508 0.0088136022919639827
11902.950054760076 0.0088127085117415006
11916.297074022077 0.0088118160660167321
11929.642120685079 0.0088109250920879578
11942.985694242074 0.008810035470973478
11956.328383334068 0.0088091472921000002
11969.671425025066 0.0088082604727381577
11983.017065250067 0.0088073750969153014
11996.363862500075 0.0088064911891480302
12009.712683620062 0.0088056088253099744
12023.063891193058 0.0088047280662415014
12036.416476887054 0.008803848780267862
12049.763661593053 0.0088029709017066315
12063.113865706066 0.0088020943193166893
12076.460551256067 0.0088012190294645236
12089.803090791072 0.0088003454125020059
12103.145053085071 0.0087994730939075106
12116.483632160074 0.008798603483486973
12129.820146410071 0.0087977362449786316
12143.157653722068 0.0087968708394168833
12156.496772913059 0.0087960068335343911
12169.836079700064 0.0087951443466755107
12183.175250852059 0.0087942834178320779
12196.518331929052 0.0087934242030695449
12209.859763405053 0.0087925670160859653
12223.201438327058 0.0087917110934755092
12236.545948609055 0.0087908566374771055
12249.888418571063 0.0087900036606707276
12263.228539568066 0.0087891521590719897
12276.568558939078 0.0087883020380156406
12289.908987653078 0.0087874533811070996
12303.24503682708 0.0087866060424189197
12316.57875384808 0.0087857600641129026
12329.913706060077 0.0087849156082957999
12343.251583731078 0.0087840724509421209
12356.587112328081 0.0087832307794700071
12369.922647102081 0.0087823905246494915
12383.257679432078 0.0087815518757630162
12396.589979215089 0.0087807148238935387
12409.920453288083 0.0087798793779259709
12423.250728648083 0.0087790452967821536
12436.581431747094 0.0087782125134968168
12449.914027672101 0.0087773810020415569
12463.244744125099 0.0087765507137580207
12476.576438199103 0.0087757216222161677
12489.907047242101 0.008774893860257359
12503.23871221111 0.0087740675336175928
12516.568376611103 0.0087732423987738704
12529.894921553103 0.0087724187330437565
12543.222173707109 0.008771596449512779
12556.553403924117 0.0087707753664867591
12569.888182150127 0.0087699557621138072
12583.228391338125 0.0087691373942818587
12596.56713911712 0.0087683202747292702
12609.906724403118 0.0087675044415214745
12623.246671057117 0.0087666898446841137
12636.588258889111 0.0087658768586513676
12649.929549671098 0.0087650652855664115
12663.270575227099 0.0087642552161781642
12676.609356963105 0.0087634467958886565
12689.94873415411 0.0087626399046808242
12703.285905687109 0.008761834425706945
12716.624850449109 0.0087610302778391869
12729.964117096111 0.0087602278478829745
12743.30701996111 0.0087594271025823785
12756.648675725111 0.0087586276872910675
12769.988602795114 0.0087578295029150828
12783.324961751117 0.0087570328666015142
12796.66231834612 0.0087562378487683473
12809.997628150115 0.0087554440960544797
12823.340755476107 0.008754651584447706
12836.681146260104 0.0087538606558228808
12850.022008964108 0.0087530709755176753
12863.365249170107 0.0087522826645458005
12876.701660431107 0.008751495999116489
12890.039315691101 0.0087507105856553247
12903.377413982103 0.0087499262205814887
12916.713715279111 0.0087491429005637344
12930.058574524111 0.0087483608123148284
12943.411585966111 0.0087475799345979599
12956.768567693114 0.0087468002569057492
12970.126662591108 0.0087460216688788998
12983.483678481105 0.008745244102106418
12996.840463762099 0.0087444675464782781
13010.196119219108 0.0087436920582583399
13023.55121717311 0.0087429178705454146
13036.905000525119 0.0087421452452179586
13050.259968656115 0.0087413738743394136
13063.622047741112 0.0087406036211658562
13076.979076807111 0.0087398343655888909
13090.333387741106 0.008739066491247378
