iter obj
0 0.5
5 0.20498866918682218
10 0.024625430934406264
15 0.0063241211676626618
20 0.0041774745814580679
25 0.0032769019230227932
30 0.0026522847229864884
35 0.0030791080249217766
40 0.0023887715812854582
45 0.0023743084629620137
50 0.0023407361084035413
55 0.0023890210555151418
60 0.0022718471744448635
65 0.0022548791112570916
70 0.0022058023682437452
75 0.0021928632703285865
80 0.0022102237083674258
85 0.0021757291155225242
90 0.0021759835078715012
95 0.0021620700930193751
100 0.0021814358817065561
105 0.0021641392647701071
110 0.0021518192385619511
115 0.002150344910109547
120 0.0021460318117097824
125 0.0021452479118572289
130 0.0021448131380986659
135 0.0021455878239701027
140 0.0021441164725306363
145 0.0021456919643567285
150 0.0021462972314756066
155 0.002143679864008069
160 0.0021435342796883063
165 0.0021436459574733953
170 0.0021434286554768826
175 0.0021436861429091855
180 0.0021433885951036907
185 0.0021433528120775309
190 0.002143561123082532
195 0.0021434220715097914
200 0.0021433846034162262
205 0.0021433461448718675
210 0.0021433162678226054
215 0.0021433084402600645
220 0.0021433268290943805
225 0.0021433043684545888
230 0.0021433114491378634
235 0.002143315694044069
240 0.0021433017106597891
245 0.0021432990397722185
250 0.0021432996307239457
255 0.0021432988309354178
260 0.0021433041502814704
265 0.0021432992538326762
270 0.0021433079957756331
275 0.0021432975197017024
280 0.0021432977054436338
285 0.0021432982575624979
290 0.0021432972951826814
295 0.0021432972771688354
300 0.0021432971813988046
305 0.0021432971791922307
310 0.0021432972128701605
315 0.0021432971268315307
320 0.0021432971398505449
325 0.0021432971217278181
330 0.002143297102181961
335 0.0021432970961203558
340 0.002143297110992576
345 0.0021432970814644456
350 0.0021432971591636655
355 0.0021432970775451805
360 0.0021432970787773863
365 0.0021432970696941929
370 0.0021432970802110016
375 0.0021432970731663963
380 0.0021432970729021151
385 0.0021432970663091016
390 0.0021432970653181859
395 0.0021432970726233016
400 0.0021432970662806595
405 0.0021432970647889777
410 0.0021432970645623339
415 0.002143297064328096
420 0.0021432970643709302
425 0.002143297064514986
430 0.0021432970644059903
435 0.002143297064208943
440 0.0021432970642452473
445 0.002143297064042037
450 0.0021432970640230405
455 0.0021432970639392672
460 0.0021432970639218706
465 0.0021432970639868221
470 0.0021432970639559865
475 0.0021432970639602158
480 0.0021432970639904737
485 0.00214329706388564
490 0.0021432970640184895
495 0.0021432970638825322
500 0.002143297063901475
505 0.0021432970638754728
510 0.0021432970639153931
515 0.0021432970638716816
520 0.002143297063869491
525 0.0021432970638695791
530 0.0021432970638763774
535 0.0021432970638722531
540 0.002143297063868082
545 0.0021432970638754463
550 0.002143297063867196
555 0.0021432970638678678
560 0.0021432970638665021
565 0.0021432970638664544
570 0.0021432970638662883
575 0.0021432970638662848
580 0.00214329706386613
585 0.0021432970638662094
590 0.0021432970638660281
595 0.0021432970638661777
600 0.0021432970638661174
