iter obj
0 0.0093771725943898997
1 0.0077266890301342667
2 0.0059815800068707264
3 0.0054703263837075182
4 0.0048643874029057005
5 0.005271844195954006
6 0.0042483111813797526
7 0.0040928759030328518
8 0.0041349541575382625
9 0.0036080251941516379
10 0.0035629161219569733
11 0.0037531563627044183
12 0.005779766271145432
13 0.0032448394375063803
14 0.0033761885126446095
15 0.0030121322752854475
16 0.0032222080855927597
17 0.0030367332130535715
18 0.0032749156604977596
19 0.0029076546909267888
20 0.0027644550610619436
21 0.002735664365558227
22 0.0027514156173780368
23 0.002704252830488803
24 0.0026008401879515025
25 0.0026056277344206251
26 0.002569502369935809
27 0.0025531005497268651
28 0.0027133585473523812
29 0.0030638796497771694
30 0.0026957617310088139
31 0.0031056644531517086
32 0.0026220618529592945
33 0.002409177973434205
34 0.002455683039766315
35 0.0024208622049661692
36 0.0023731846499441215
37 0.0028971000332799917
38 0.0023535309983408232
39 0.002398050415299877
40 0.002336269914981729
41 0.0023357786890846103
42 0.0023989783671083797
43 0.0023152628110867535
44 0.0022931586695796717
45 0.0022829492105099565
46 0.002467876008297894
47 0.0022840649361917679
48 0.0022895679783373432
49 0.0025524621202651651
50 0.0022884126503085736
51 0.0022690583149098426
52 0.0022434959397251084
53 0.0022435645594384448
54 0.0022726264841744191
55 0.0022342503292636386
56 0.0022392513433342996
57 0.0022270224526832433
58 0.0022478164563742814
59 0.0023118202268180591
60 0.0023042432661028647
61 0.0022135359953009957
62 0.0023076773286493466
63 0.002217930363398359
64 0.0022596319799124309
65 0.0022900904933099262
66 0.0022725162196902847
67 0.0022404100007960199
68 0.0021952251911725711
69 0.002216321817343124
70 0.0022400324554959282
71 0.0021998702550337147
72 0.0021946451784414529
73 0.0021976073878032564
74 0.0021886679835686376
75 0.0023255442506396186
76 0.0021841049998891299
77 0.0021829447522207601
78 0.0021821636817829894
79 0.0022385131919234998
80 0.0021765164566183914
81 0.0022197759722400612
82 0.0021736897781140735
83 0.0021750438412372888
84 0.0021892088714890578
85 0.0021708417196779034
86 0.0022514716107419792
87 0.0021689524373630169
88 0.0021761653098549324
89 0.0023059426980116416
90 0.0021729682945067284
91 0.0021969631981442156
92 0.0021638442479741137
93 0.0021662471130430108
94 0.0021703113303076179
95 0.0021685767919936536
96 0.0021711140834257433
97 0.0021603592197364033
98 0.0021588048569157674
99 0.0021620949633266171
100 0.0022415503633363351
101 0.002158138126422863
102 0.0021604164703982998
103 0.0021567134272579597
104 0.0021568511608436865
105 0.0021712916979974308
106 0.0021586265399950685
107 0.0021656443457804594
108 0.0021545099597224532
109 0.0021634595640688987
110 0.0022044559054584397
111 0.0021669687283036938
112 0.0021541615891194936
113 0.0021535271476464794
114 0.0021971864581808863
115 0.0021619610928595204
116 0.002160096724115212
117 0.0021530882421724575
118 0.0021522931264298236
119 0.0021586140318948692
120 0.0021798874470818921
121 0.002152970345996038
122 0.0021620930790007421
123 0.0021510936011099138
124 0.0021500669391228918
125 0.0021522749548063829
126 0.0021508155802301343
127 0.00214952823675864
128 0.0021498810904601665
129 0.0021502942096894209
130 0.0021485414722624456
131 0.0021495532913897398
132 0.0021481380825275494
133 0.0021500639782697185
134 0.0021520844866214687
135 0.0021476897994451038
136 0.0021506208173909668
137 0.0021540893194665809
138 0.0021476240793436461
139 0.00214820791019557
140 0.0021602676136131555
141 0.0021469256113112348
142 0.0021474134282672358
143 0.0021469955408790009
144 0.0021468674171444
145 0.0021484333750914283
146 0.0021464851638176999
147 0.0021463286893214574
148 0.002146593270184662
149 0.0021461605208745803
150 0.0021520994647169344
151 0.0021476574183860817
152 0.0021464769435382137
153 0.002146019365155941
154 0.0021607979237168854
155 0.0021458381501238415
156 0.0021455955383361835
157 0.0021456576922057025
158 0.0021454471716042564
159 0.0021492545170572275
160 0.0021453247582039312
161 0.0021452053195173864
162 0.002145718987475567
163 0.0021473488896506187
164 0.0021459000081000112
165 0.0021462245989463911
166 0.0021468266291422024
167 0.0021619152376220066
168 0.0021450064766423476
169 0.0021555938087001814
170 0.0021448531546930352
171 0.0021450375209891744
172 0.0021450904113428436
173 0.0021451088775959011
174 0.0021476720263621518
175 0.0021460159581714361
176 0.0021445738966325684
177 0.0021446289969030492
178 0.002144938864075227
179 0.0021444831357778304
180 0.0021443878979646716
181 0.0021444801485770324
182 0.0021552064156422487
183 0.0021444346036954796
184 0.0021443602793771725
185 0.0021442712182146908
186 0.002145311654244011
187 0.0021445035414646321
188 0.0021453741857704266
189 0.0021442429694045074
190 0.002144157543855647
191 0.002144130308324286
192 0.0021469726985860116
193 0.0021440084702323181
194 0.0021450808290767341
195 0.0021441063036142646
196 0.0021439537509765271
197 0.002144191138671992
198 0.0021439182842928209
199 0.0021441910744730386
200 0.0021444183142619411
201 0.0021441590893696541
202 0.0021457955550856908
203 0.002147631101961239
204 0.0021439351878120255
205 0.0021438114068222211
206 0.0021438591168948203
207 0.0021443305005027472
208 0.0021437874648288563
209 0.0021439600566718633
210 0.0021438638271630808
211 0.0021440224073936654
212 0.002143703270364544
213 0.0021437331812531914
214 0.0021455032601859639
215 0.0021438140267064946
216 0.0021463190059517775
217 0.0021437697719708204
218 0.002143729023024084
219 0.0021436352672417544
220 0.0021439496189534276
221 0.0021438152568883464
222 0.0021436268533601313
223 0.0021437880625994462
224 0.0021438686085796868
225 0.0021435646271350398
226 0.0021435980418762794
227 0.0021435284164397195
228 0.002143774557692935
229 0.0021439000816516952
230 0.0021438696672668785
231 0.0021443448197965209
232 0.0021435087455469845
233 0.0021439158558159222
234 0.0021435788929184971
235 0.002143500610483978
236 0.0021435147420560932
237 0.0021434924579879439
238 0.0021435051753199794
239 0.0021434792400108053
240 0.0021434696692963326
241 0.0021434692307510722
242 0.002144402463766187
243 0.002143459144616537
244 0.0021434375698193347
245 0.0021435152977987595
246 0.0021434493383116122
247 0.0021436487669927837
248 0.0021435170052039598
249 0.0021434965620680175
250 0.002143734583405838
251 0.0021434852559560429
252 0.0021434640592271318
253 0.0021435174315506266
254 0.0021434156334623872
255 0.0021434176729019832
256 0.0021434422813764909
257 0.0021437310437520938
258 0.0021434138397037343
259 0.0021435032703020556
260 0.0021434002982564653
261 0.0021434209955084899
262 0.002143437785209249
263 0.0021434014687218127
264 0.0021436365400275244
265 0.0021433883077186799
266 0.0021435401246458715
267 0.002143446810162113
268 0.0021433758665317928
269 0.0021434522639795614
270 0.0021433641602917079
271 0.0021433802522414502
272 0.0021433753855285048
273 0.0021433570503854612
274 0.0021433700755612941
275 0.0021436286266518132
276 0.002143363055609443
277 0.0021433684196836382
278 0.0021433939734217464
279 0.0021433703008718785
280 0.0021436070161220807
281 0.002143382685455969
282 0.0021433726148273467
283 0.0021434046455359626
284 0.002143365306183666
285 0.0021433732721915146
286 0.0021433420734303541
287 0.0021434467779098535
288 0.0021433401044775448
289 0.0021434043835037646
290 0.0021433564600864935
291 0.0021433361739578707
292 0.0021435923561499899
293 0.0021433351672142595
294 0.0021433534969715366
295 0.0021433304170657692
296 0.0021433399018459419
297 0.0021433590771483958
298 0.0021433293259897493
299 0.0021433410098597953
300 0.0021433326686437718
301 0.0021433253805352372
302 0.0021433360977369054
303 0.0021433400542472522
304 0.0021433820971365519
305 0.0021434851545966528
306 0.0021433718950230407
307 0.0021434180804862793
308 0.0021433360675499145
309 0.0021433450879165491
310 0.0021433194563427915
311 0.0021434213506270616
312 0.0021433192795869602
313 0.0021433290555221952
314 0.0021433231822948879
315 0.0021433223751984917
316 0.0021433480404003339
317 0.0021433199584878918
318 0.0021433214420939714
319 0.0021433545947056104
320 0.0021433178981806441
321 0.0021433163142492669
322 0.0021434147823460969
323 0.002143312845364038
324 0.0021433150459761957
325 0.0021433148384481238
326 0.0021433504925849082
327 0.0021433267305502384
328 0.0021433119746733314
329 0.0021433208496361412
330 0.0021433237869489534
331 0.0021433627580570514
332 0.0021433090013034881
333 0.002143311673351259
334 0.0021433174438143278
335 0.0021433230780655969
336 0.002143308910072507
337 0.0021433117226944535
338 0.0021433073315469879
339 0.0021433074940407858
340 0.0021433351217519884
341 0.0021433090683822911
342 0.0021433272552776566
343 0.0021433061473681032
344 0.0021433124462871033
345 0.0021434275698259458
346 0.0021433116497887139
347 0.0021433237366712834
348 0.0021433046124082113
349 0.0021433044824521641
350 0.0021433341345142181
351 0.0021433157640708871
352 0.0021433074805866132
353 0.0021433189534626161
354 0.0021433035147646151
355 0.0021433097537673943
356 0.0021433054622560033
357 0.0021433046087269703
358 0.0021433104506271552
359 0.0021433056208524258
360 0.0021433040739406921
361 0.0021433037419318324
362 0.0021433030627206716
363 0.0021433080520686389
364 0.0021433032606459142
365 0.0021433137737405152
366 0.0021433085241349572
367 0.0021433094375498773
368 0.0021433024194217535
369 0.0021433028859662558
370 0.0021433011675207844
371 0.0021433009228125632
372 0.0021433066517885222
373 0.0021433022736413263
374 0.0021433014149264376
375 0.0021433044631067829
376 0.00214330121310294
377 0.0021433016824375394
378 0.0021433027557205609
379 0.0021433005229251666
380 0.0021433032925515941
381 0.0021433017038992603
382 0.0021433079785171116
383 0.0021433014784046195
384 0.0021433010355914623
385 0.0021433002526226397
386 0.0021433003322474369
387 0.0021433025393403902
388 0.0021433167891371681
389 0.0021433005655101239
390 0.0021433005372828743
391 0.0021433022127242307
392 0.0021432998589828896
393 0.0021433008303343363
394 0.0021432994769325577
395 0.0021432995926246173
396 0.00214330310598515
397 0.0021432996210074195
398 0.0021433029707341109
399 0.0021432989386326595
400 0.0021433016503720577
401 0.002143300100325781
402 0.0021433041873462817
403 0.0021433012639441723
404 0.0021433273126375768
405 0.0021433021816294855
406 0.002143298777757729
407 0.0021432993709687956
408 0.0021432988254622334
409 0.002143299709486928
410 0.0021433021982390976
411 0.0021433016874900668
412 0.0021432986858884997
413 0.0021433016894153653
414 0.0021432987197049138
415 0.002143299210316267
416 0.002143302424736762
417 0.0021433048419136768
418 0.002143306048164323
419 0.0021432985041414895
420 0.0021433077643623526
421 0.002143298299460878
422 0.0021433035661033977
423 0.0021432983755778679
424 0.0021432986903026086
425 0.0021432997236902323
426 0.002143298364311865
427 0.0021432988436025082
428 0.002143298414320185
429 0.0021432981204495848
430 0.0021433015421944593
431 0.0021432981820402428
432 0.0021432980160922951
433 0.0021432980260840426
434 0.0021432981827645367
435 0.0021432981022544931
436 0.0021432978595780196
437 0.0021433046309379485
438 0.0021432979223222561
439 0.0021433011836242185
440 0.0021432978024256005
441 0.0021432977208742346
442 0.0021432994728551257
443 0.0021432979450426637
444 0.0021432977816940491
445 0.0021432977364107385
446 0.0021432976622188273
447 0.0021432978945456894
448 0.0021432977007306382
449 0.0021432977689365726
450 0.0021432978676217906
451 0.0021432975809249398
452 0.0021432981429930068
453 0.0021432976717814219
454 0.0021432995558290325
455 0.0021432994537815028
456 0.0021432976055918958
457 0.0021432976854777156
458 0.0021432975962864882
459 0.0021432989426772003
460 0.0021432975004255497
461 0.002143297449039603
462 0.0021432981285529709
463 0.0021432975954503194
464 0.0021432983891362871
465 0.0021432976448162262
466 0.002143299133858175
467 0.002143297711735305
468 0.0021432974060970876
469 0.0021432976667156997
470 0.0021432974226168458
471 0.0021432974804395117
472 0.0021432974270152679
473 0.0021432977635323005
474 0.0021432976268034023
475 0.0021432974237668881
476 0.0021432974843330721
477 0.0021432973537811218
478 0.0021432973686486717
479 0.0021432981907922918
480 0.0021432976563202648
481 0.0021432974970749994
482 0.0021432976170222737
483 0.0021432974531016319
484 0.0021432977901567141
485 0.0021432973498122067
486 0.0021432977183742669
487 0.0021432989091523542
488 0.0021432972866742678
489 0.0021432975551627376
490 0.0021432976159020387
491 0.0021432977674340626
492 0.0021432974069661923
493 0.0021432973186927989
494 0.0021432973438761257
495 0.0021432972431343444
496 0.0021432972461839527
497 0.0021432973300320891
498 0.0021432972937339388
499 0.0021432972380152375
500 0.0021432972608501936
501 0.0021432978776475815
502 0.002143297832103912
503 0.0021432972891454981
504 0.0021432974518284767
505 0.0021432973839419483
506 0.0021432972222889825
507 0.0021432975920939405
508 0.0021432972180441172
509 0.0021432973027086587
510 0.0021432971797334713
511 0.0021432971913316109
512 0.0021432971773371009
513 0.002143297174409984
514 0.0021432974214228963
515 0.0021432972378013465
516 0.002143297321920317
517 0.00214329752264806
518 0.0021432971782850002
519 0.0021432971953118415
520 0.002143297356011287
521 0.0021432972038681018
522 0.002143298298971235
523 0.0021432991762289975
524 0.0021432971717906214
525 0.0021432971453215688
526 0.0021432972105263075
527 0.0021432971849375038
528 0.0021432971471374695
529 0.0021432972000989649
530 0.0021432972113888701
531 0.0021432972122131322
532 0.0021432980534619481
533 0.0021432971506809583
534 0.0021432971401595248
535 0.0021432971404501781
536 0.0021432972364879887
537 0.0021432971541591652
538 0.0021432971225522615
539 0.0021432971264738108
540 0.0021432971585188016
541 0.0021432971284229795
542 0.0021432971206944425
543 0.0021432971174133206
544 0.0021432972303019014
545 0.0021432971247925814
546 0.0021432972944131125
547 0.0021432972690860318
548 0.0021432986311585613
549 0.0021432971590641995
550 0.0021432971526112849
551 0.0021432971300313795
552 0.0021432971080033287
553 0.002143297119450399
554 0.0021432971371149758
555 0.0021432974448596293
556 0.0021432971418087594
557 0.0021432971069824968
558 0.0021432971018453865
559 0.002143297102961227
560 0.0021432970974188613
561 0.0021432972240325119
562 0.0021432970994888128
563 0.0021432971008994673
564 0.0021432971196648498
565 0.0021432970940674857
566 0.0021432971268811902
567 0.0021432970940741731
568 0.0021432971173440301
569 0.002143297211126766
570 0.0021432970905395951
571 0.0021432971047467613
572 0.002143297118060251
573 0.0021432970872672448
574 0.002143297236368631
575 0.0021432971852075439
576 0.0021432970911118127
577 0.0021432970884249745
578 0.0021432970854751081
579 0.0021432971002181933
580 0.0021432972622200861
581 0.0021432970892839762
582 0.002143297088737727
583 0.0021432970882747744
584 0.0021432970823972389
585 0.0021432971300842534
586 0.0021432970830470932
587 0.0021432970877035789
588 0.0021432971040270515
589 0.0021432971096604324
590 0.0021432970887069868
591 0.0021432970810288301
592 0.0021432970901682723
593 0.0021432970843020321
594 0.0021432970924067261
595 0.002143297083284952
596 0.0021432970791020185
597 0.0021432971018199641
598 0.0021432970766267936
599 0.0021432971384734646
600 0.0021432971573028207
601 0.0021432970763474108
602 0.002143297239744268
603 0.002143297085275666
604 0.0021432970779646497
605 0.00214329714959355
606 0.0021432970837200593
607 0.0021432971699749327
608 0.0021432970791283208
609 0.0021432970840772176
610 0.0021432970746016744
611 0.002143297113862205
612 0.0021432970767943961
613 0.0021432970747116715
614 0.0021432970734026713
615 0.0021432970835552848
616 0.0021432970799779637
617 0.0021432970907687399
618 0.0021432970721809871
619 0.0021432970742582143
620 0.0021432970732998911
621 0.0021432970728074061
622 0.0021432970720492001
623 0.0021432970976878046
624 0.0021432970783164694
625 0.0021432971419668226
626 0.0021432970877385263
627 0.0021432970706776792
628 0.0021432970746232418
629 0.0021432970755741643
630 0.0021432970806401453
631 0.002143297075892588
632 0.0021432970718157237
633 0.0021432970704028035
634 0.0021432970689443504
635 0.0021432970703610852
636 0.0021432970701410169
637 0.0021432970700735786
638 0.0021432970771068272
639 0.0021432970686525235
640 0.0021432970726854754
641 0.0021432970978622662
642 0.0021432970695899017
643 0.002143297068609243
644 0.0021432971367033671
645 0.002143297073451456
646 0.0021432970685956675
647 0.0021432970691613686
648 0.0021432970691678374
649 0.0021432970739558503
650 0.0021432970681442049
651 0.0021432970714317569
652 0.002143297094810009
653 0.0021432970676398787
654 0.0021432970683605552
655 0.0021432970758847921
656 0.0021432970678087766
657 0.0021432970827756637
658 0.0021432970948737765
659 0.0021432970670630575
660 0.0021432971405012436
661 0.0021432970672056358
662 0.0021432970679030657
663 0.0021432970687840368
664 0.002143297072700571
665 0.0021432970668380596
666 0.0021432970972380351
667 0.0021432970859134397
668 0.0021432970666552332
669 0.0021432970682178725
670 0.0021432970682872016
671 0.0021432970727853053
672 0.0021432970741952773
673 0.0021432970663034022
674 0.002143297065915024
675 0.0021432970658300755
676 0.002143297065998178
677 0.00214329706599705
678 0.0021432970657758554
679 0.0021432970668871609
680 0.0021432970658134764
681 0.0021432970671508423
682 0.0021432970695361092
683 0.0021432970658240859
684 0.0021432970720921753
685 0.0021432970655768978
686 0.0021432970657224324
687 0.0021432970653694487
688 0.0021432970654148031
689 0.0021432970692700981
690 0.0021432970654720412
691 0.002143297065434029
692 0.0021432970655791447
693 0.002143297065201282
694 0.0021432970671709231
695 0.0021432970652881501
696 0.0021432970689714221
697 0.0021432970728346343
698 0.0021432970664120119
699 0.0021432970649431947
700 0.0021432970744794523
701 0.0021432970651329287
702 0.002143297065320301
703 0.0021432970798200904
704 0.0021432970721703554
705 0.0021432970744997035
706 0.0021432970652155155
707 0.0021432970648750747
708 0.0021432970651214084
709 0.0021432970654822322
710 0.0021432970659698556
711 0.0021432970689319727
712 0.0021432970647483119
713 0.002143297068974339
714 0.0021432970676093744
715 0.0021432970735977205
716 0.002143297064655002
717 0.0021432970647700189
718 0.002143297064602956
719 0.0021432970646637528
720 0.0021432970645862241
721 0.0021432970648464678
722 0.0021432970646904745
723 0.0021432970650533973
724 0.0021432970646610731
725 0.0021432970648862762
726 0.0021432970648170434
727 0.0021432970646692363
728 0.0021432970645904191
729 0.0021432970650857031
730 0.0021432970644230391
731 0.0021432970649586051
732 0.0021432970646371933
733 0.002143297066524798
734 0.0021432970649164422
735 0.0021432970644031787
736 0.0021432970646511557
737 0.0021432970647902831
738 0.0021432970663576127
739 0.002143297064391341
740 0.0021432970644025677
741 0.0021432970643854381
742 0.0021432970655661824
743 0.0021432970642826649
744 0.0021432970660398318
745 0.0021432970644380206
746 0.0021432970642553612
747 0.0021432970642247095
748 0.002143297066635835
749 0.0021432970641897565
750 0.0021432970646631175
751 0.0021432970642529222
752 0.0021432970643882393
753 0.002143297064479768
754 0.0021432970643097608
755 0.0021432970642308886
756 0.002143297065418348
757 0.0021432970643644063
758 0.0021432970678914279
759 0.0021432970642776155
760 0.0021432970642816015
761 0.0021432970661221149
762 0.0021432970641503137
763 0.0021432970641542017
764 0.0021432970643486603
765 0.0021432970714781192
766 0.0021432970642007651
767 0.00214329706416033
768 0.0021432970641160455
769 0.0021432970642325717
770 0.0021432970640903413
771 0.0021432970640755567
772 0.0021432970641325991
773 0.0021432970659260261
774 0.0021432970640849125
775 0.0021432970641379031
776 0.002143297065177574
777 0.0021432970649245078
778 0.0021432970641015992
779 0.0021432970642913034
780 0.0021432970641460745
781 0.0021432970643576765
782 0.0021432970640834314
783 0.0021432970646804942
784 0.0021432970643350227
785 0.0021432970641791622
786 0.0021432970640954288
787 0.0021432970644079457
788 0.0021432970639844945
789 0.0021432970649836814
790 0.0021432970639927887
791 0.0021432970640189284
792 0.0021432970641067773
793 0.0021432970649829307
794 0.0021432970643463956
795 0.0021432970640500124
796 0.0021432970655642482
797 0.0021432970641022614
798 0.0021432970639837148
799 0.0021432970643781219
800 0.0021432970642044718
801 0.0021432970640717702
802 0.0021432970639819891
803 0.0021432970640435666
804 0.002143297064107594
805 0.0021432970642071988
806 0.0021432970662029747
807 0.0021432970640116893
808 0.0021432970641092138
809 0.0021432970639817818
810 0.0021432970639947277
811 0.0021432970639758478
812 0.002143297064048145
813 0.0021432970649459112
814 0.0021432970639498812
815 0.0021432970639400392
816 0.0021432970639548559
817 0.0021432970644309087
818 0.0021432970639951214
819 0.0021432970639474387
820 0.002143297064041145
821 0.0021432970643369353
822 0.0021432970639479829
823 0.0021432970639345367
824 0.0021432970639738741
825 0.0021432970639226208
826 0.002143297063922875
827 0.0021432970640468006
828 0.0021432970639215063
829 0.0021432970639388427
830 0.00214329706440506
831 0.0021432970639141662
832 0.0021432970639180381
833 0.0021432970639216555
834 0.0021432970639654833
835 0.0021432970641226128
836 0.0021432970639389819
837 0.002143297063936411
838 0.0021432970639144802
839 0.0021432970639395708
840 0.002143297063987408
841 0.0021432970648397058
842 0.0021432970639069814
843 0.002143297064698603
844 0.0021432970639151338
845 0.0021432970639095263
846 0.0021432970639638105
847 0.0021432970638962491
848 0.0021432970643922018
849 0.0021432970639213818
850 0.0021432970639061431
851 0.0021432970639036373
852 0.0021432970639016988
853 0.0021432970638927476
854 0.0021432970639446353
855 0.0021432970639084781
856 0.0021432970639550025
857 0.0021432970641264942
858 0.0021432970639067629
859 0.0021432970639164023
860 0.0021432970638966828
861 0.0021432970639636913
862 0.0021432970639446475
863 0.0021432970640092325
864 0.0021432970639865146
865 0.002143297064235908
866 0.0021432970640910651
867 0.0021432970638868682
868 0.0021432970639198752
869 0.0021432970638887599
870 0.002143297063895106
871 0.0021432970639458254
872 0.0021432970639052151
873 0.0021432970638875877
874 0.002143297064000591
875 0.0021432970638967219
876 0.0021432970638887382
877 0.0021432970638852029
878 0.0021432970639025644
879 0.0021432970638814363
880 0.002143297063904094
881 0.0021432970638842444
882 0.002143297063879882
883 0.0021432970638884411
884 0.0021432970638849093
885 0.0021432970638871115
886 0.0021432970640513972
887 0.0021432970638854566
888 0.0021432970638787666
889 0.0021432970638930664
890 0.002143297063882786
891 0.0021432970638783399
892 0.0021432970639113863
893 0.0021432970638775731
894 0.0021432970638953722
895 0.0021432970639359383
896 0.0021432970639000213
897 0.0021432970638806162
898 0.002143297063877495
899 0.0021432970638770258
900 0.0021432970638798222
901 0.0021432970639013796
902 0.0021432970638755374
903 0.0021432970638770319
904 0.0021432970638808691
905 0.0021432970638933964
906 0.0021432970638752334
907 0.0021432970638747954
908 0.0021432970638957361
909 0.0021432970641625426
910 0.0021432970638739068
911 0.0021432970638741717
912 0.0021432970638763263
913 0.0021432970638763553
914 0.0021432970639684279
915 0.0021432970638852198
916 0.0021432970638722835
917 0.0021432970638785697
918 0.0021432970638769256
919 0.0021432970638716573
920 0.0021432970638732888
921 0.0021432970638765752
922 0.0021432970638728529
923 0.0021432970638798833
924 0.0021432970638719318
925 0.0021432970638751623
926 0.0021432970638749532
927 0.0021432970638746449
928 0.0021432970638734475
929 0.0021432970638879507
930 0.0021432970638931011
931 0.0021432970638703454
932 0.0021432970639769055
933 0.0021432970638724257
934 0.0021432970638706186
935 0.0021432970638722731
936 0.0021432970638957404
937 0.0021432970638701281
938 0.0021432970638739285
939 0.0021432970638699269
940 0.0021432970638703298
941 0.0021432970638716495
942 0.0021432970638705826
943 0.0021432970638770852
944 0.0021432970638754606
945 0.0021432970638693943
946 0.0021432970638694264
947 0.0021432970638701919
948 0.0021432970638869658
949 0.0021432970638696888
950 0.0021432970638693332
951 0.0021432970638696515
952 0.0021432970638697265
953 0.0021432970638701628
954 0.0021432970638709226
955 0.0021432970638688444
956 0.0021432970638775055
957 0.0021432970638717275
958 0.0021432970638708996
959 0.002143297063869138
960 0.0021432970638689971
961 0.002143297063870982
962 0.002143297063868236
963 0.0021432970638719175
964 0.0021432970638688895
965 0.0021432970638688145
966 0.002143297063877816
967 0.0021432970638704278
968 0.0021432970638803482
969 0.0021432970638677433
970 0.0021432970638710926
971 0.0021432970638680764
972 0.0021432970638694728
973 0.0021432970638695864
974 0.002143297063867745
975 0.0021432970638795524
976 0.0021432970638686831
977 0.0021432970638689155
978 0.0021432970638707812
979 0.0021432970638690491
980 0.0021432970638675061
981 0.0021432970638674566
982 0.0021432970638675213
983 0.002143297063873863
984 0.0021432970638683713
985 0.0021432970638690873
986 0.0021432970638675598
987 0.0021432970638671652
988 0.0021432970638675772
989 0.002143297063867745
990 0.0021432970638680421
991 0.0021432970638672493
992 0.0021432970638719938
993 0.0021432970638673166
994 0.0021432970638675217
995 0.0021432970638703371
996 0.0021432970638671752
997 0.0021432970638683123
998 0.0021432970638674831
999 0.0021432970638668074
