iter obj
10 0.00612045069425488
20 0.00493812662551961
30 0.00437181820152874
40 0.00401739833347743
50 0.00376760466890235
60 0.00357819305915552
70 0.00342690352704513
80 0.00330259241129137
90 0.00319830431237307
100 0.00310927245487286
110 0.00303236822873726
120 0.00296545012407292
130 0.00290661599796513
140 0.002854295108908
150 0.00280771989325195
160 0.00276589478390334
170 0.00272805651123916
180 0.00269378471262487
190 0.0026625392927746
200 0.00263399448737874
210 0.00260782830287047
220 0.00258367167637412
230 0.00256123961306254
240 0.00254035986811337
250 0.00252085986912232
260 0.00250262699711632
270 0.00248550739489426
280 0.00246941581708469
290 0.00245424295451146
300 0.00243992197359395
310 0.00242636850750197
320 0.00241358507299773
330 0.00240150371923304
340 0.00239004326727027
350 0.00237916849788591
360 0.00236884748942758
370 0.0023590642780871
380 0.00234977054579059
390 0.00234093515158968
400 0.0023325538688059
410 0.0023245652761567
420 0.00231694482157846
430 0.00230966420298305
440 0.00230270725570514
450 0.00229608177814909
460 0.00228977382332459
470 0.00228377081568007
480 0.00227804506528972
490 0.002272579384309
500 0.00226736530869938
510 0.002262411442878
520 0.00225769510519003
530 0.00225320194445137
540 0.00224890803154782
550 0.00224479939329657
560 0.00224086983544718
570 0.00223710629929839
580 0.00223350129751327
590 0.00223004194235841
600 0.0022267268790536
610 0.00222355596247787
620 0.00222051177390369
630 0.00221759282631207
640 0.00221479558441376
650 0.00221211307338994
660 0.00220953608796731
670 0.00220705903848371
680 0.00220468141283461
690 0.00220239577743368
700 0.00220020473405942
710 0.00219810278495334
720 0.00219608106270247
730 0.00219413830140716
740 0.00219227052662791
750 0.00219047331291404
760 0.00218874665018423
770 0.00218708831761958
780 0.00218549342193947
790 0.00218396306273198
800 0.00218249038451839
810 0.00218107186732151
820 0.00217972731775512
830 0.00217843423680786
840 0.0021771911226315
850 0.00217599254986742
860 0.00217483642611848
870 0.00217372176074286
880 0.00217264687764575
890 0.00217161340437957
900 0.0021706170055335
910 0.00216965663737527
920 0.00216872991039038
930 0.00216783752844458
940 0.00216698958574822
950 0.00216617212071955
960 0.00216538313222543
970 0.00216462224274251
980 0.00216389032769876
990 0.00216318351771039
1000 0.00216250315187419
