iterations	time(s)	objective	nnz
#samples n=58000; #features d=10001
                  10    29.9943419080009  0.0264305265567023      1068
                  20    58.9104566829992  0.0235671764386613       707
                  30    87.5697685360064  0.0221198916121893       558
                  40     116.25822917901  0.0212364474271536       469
                  50    145.801460011004  0.0206017879725614       424
                  60    175.273850890007  0.0201387862373243       394
                  70    204.859630471008  0.0197735062253297       371
                  80    234.510863351003   0.019499385403353       346
                  90    264.081403022006  0.0192983581538856       323
                 100    293.522768420007  0.0191361969748774       302
                 110    322.933059103001   0.019006865087618       290
                 120    352.456883605999  0.0188999939051355       276
                 130    381.884093542008  0.0188120959643259       266
                 140    411.196189611008  0.0187392027061897       260
                 150    440.536266176008  0.0186818237996326       255
                 160    470.050725446003  0.0186382545674388       252
                 170    499.393460849009  0.0186020965551918       239
                 180     528.66672590001  0.0185878668559787       230
                 190     557.92351078301  0.0185785329320957       222
                 200     587.36153741501  0.0185709125418808       219
                 210    616.604764569012  0.0185644704977738       216
                 220    645.830902652022  0.0185590544232786       212
                 230    675.067644001021  0.0185544507127461       208
                 240    704.421681243024  0.0185504543143869       207
                 250    733.994768731027  0.0185470628202656       204
                 260    763.207593209023  0.0185441814755901       201
                 270    792.399866778025  0.0185416893032777       200
                 280     821.77717582402  0.0185395203279001       200
                 290    851.111473954021  0.0185375945064031       199
                 300    880.317882254021  0.0185359139628435       195
                 310    909.509861814025  0.0185344310791717       195
                 320    938.864103716027  0.0185330942402842       195
                 330     968.14329739903  0.0185319044734864       194
                 340    997.367388945029  0.0185308581593092       193
                 350    1026.60546798503  0.0185299250187697       192
                 360    1055.95562399003  0.0185290933740952       191
                 370    1085.30473103804  0.0185283789199444       189
                 380    1114.62732579403  0.0185277404721398       189
                 390    1143.87711093904  0.0185271704796974       188
                 400    1173.23673081704  0.0185266637944826       186
                 410    1202.74436398404  0.0185262357239798       185
                 420    1231.99208876204  0.0185258573032836       183
                 430    1261.24281132504  0.0185255263304655       183
                 440    1290.50837595504  0.0185252317295071       183
                 450    1319.98291448404  0.0185249648393433       182
                 460    1349.24537882004  0.0185247274928169       181
                 470    1378.50639724304  0.0185245134159022       181
                 480    1407.77134711404   0.018524324390476       180
                 490    1437.19254206003  0.0185241567580153       180
                 500    1466.47948880703  0.0185240058206351       180
                 510    1495.71815138104  0.0185238692607818       180
                 520    1524.94450172503  0.0185237447245754       180
                 530    1554.52249619403  0.0185236313006771       180
                 540    1583.91607502003  0.0185235283908718       180
                 550    1613.16474304903  0.0185234356870995       180
                 560    1642.42571934304  0.0185233506977559       180
                 570    1671.68275850004   0.018523273455659       179
                 580    1701.15698634104  0.0185232034330976       179
                 590    1730.36168961604  0.0185231391448126       179
                 600    1759.58276437904  0.0185230805585266       179
                 610    1788.82684506404  0.0185230273309341       179
                 620    1818.27040828703  0.0185229785933967       179
                 630    1847.57072616203  0.0185229340075588       179
                 640    1876.82858070602  0.0185228933712812       178
                 650    1906.10147437703  0.0185228564203208       177
                 660    1935.39927099003  0.0185228227684272       177
                 670    1964.82045571103  0.0185227921004099       177
                 680    1994.10035922603  0.0185227638843229       177
                 690    2023.36291452403  0.0185227379961072       177
                 700    2052.61880154903  0.0185227142246261       177
                 710    2081.99715659403  0.0185226923344763       177
                 720    2111.40237682303   0.018522672274277       177
                 730    2140.66013603102  0.0185226538807196       177
                 740    2169.93375889803  0.0185226370647137       177
                 750    2199.17796431403   0.018522621604777       177
                 760    2228.62503576203  0.0185226073347577       177
                 770    2257.86438763903  0.0185225942958907       177
                 780    2287.11586645104   0.018522582428402       177
                 790    2316.35856443804  0.0185225713152921       177
                 800    2345.67514247404  0.0185225611336052       177
                 810    2375.10328983403  0.0185225517971725       177
                 820    2404.37623721304  0.0185225431945868       177
                 830    2433.65810867904  0.0185225352959184       177
                 840    2462.94104205103  0.0185225279736303       177
                 850    2492.33591815103  0.0185225212404914       177
                 860    2521.67710108504  0.0185225149655502       177
                 870    2550.94788925703  0.0185225092047036       177
                 880    2580.22613539804  0.0185225039427366       177
                 890    2609.50487388304  0.0185224990455408       177
                 900    2638.85621986304  0.0185224945538371       177
                 910    2668.20402292204  0.0185224904185525       177
                 920    2697.44490076505  0.0185224866053213       177
                 930    2726.69289305505  0.0185224830283047       177
                 940    2755.95458946305   0.018522479773946       177
                 950    2785.38133273905  0.0185224767171889       177
                 960    2814.70212520105  0.0185224739231736       177
                 970    2843.94127883804  0.0185224713337589       177
                 980    2873.23571617904  0.0185224689560553       177
                 990    2902.54304182504  0.0185224667437477       177
                1000    2932.00727325004   0.018522464696562       177
test acc = 0.995
