iterations	time(s)	objective	nnz
#samples n=58000; #features d=10001
                  10    36.1234391610051 0.00612045069425488      9901
                  20    69.8861369690057 0.00493812662551961      9860
                  30    104.123323207001 0.00437181820152874      9761
                  40    139.028669184001 0.00401739833347743      9659
                  50    172.551502733004 0.00376760466890235      9569
                  60    206.426068590001 0.00357819305915552      9471
                  70    241.040219335002 0.00342690352704513      9368
                  80    274.192551529006 0.00330259241129137      9222
                  90    308.291795247002 0.00319830431237307      9101
                 100    342.157887810004 0.00310927245487286      8981
                 110    374.814157391003 0.00303236822873726      8880
                 120    407.569542628007 0.00296545012407292      8762
                 130    440.048470755006 0.00290661599796513      8671
                 140    475.337646888001   0.002854295108908      8559
                 150    508.362744779006 0.00280771989325195      8445
                 160    540.477254442005 0.00276589478390334      8372
                 170    572.490103603006 0.00272805651123916      8288
                 180    604.426172827007 0.00269378471262487      8181
                 190    638.143255618008  0.0026625392927746      8097
                 200    672.019400451012 0.00263399448737874      8003
                 210    704.352929528017 0.00260782830287047      7925
                 220    736.069549743021 0.00258367167637412      7849
                 230     768.05316596802 0.00256123961306254      7771
                 240    799.285280073018 0.00254035986811337      7698
                 250    831.163306489012 0.00252085986912232      7623
                 260    862.857594550012 0.00250262699711632      7564
                 270    894.624819117009 0.00248550739489426      7498
                 280    925.737325906019 0.00246941581708469      7439
                 290    956.810177229017 0.00245424295451146      7377
                 300    987.622404734015 0.00243992197359395      7321
                 310    1019.27805928001 0.00242636850750197      7264
                 320    1050.56699404601 0.00241358507299773      7200
                 330    1082.05549690001 0.00240150371923304      7141
                 340    1112.77834037202 0.00239004326727027      7107
                 350    1143.95473702002 0.00237916849788591      7061
                 360    1175.21503707601 0.00236884748942758      7011
                 370    1206.73463300402  0.0023590642780871      6961
                 380    1237.59919594901 0.00234977054579059      6928
                 390    1268.12406568301 0.00234093515158968      6874
                 400    1300.78323894101  0.0023325538688059      6836
                 410    1333.80159506601  0.0023245652761567      6788
                 420    1365.18018408002 0.00231694482157846      6751
                 430    1395.63046579902 0.00230966420298305      6723
                 440    1425.99713521202 0.00230270725570514      6696
                 450    1456.60216204102 0.00229608177814909      6659
                 460    1487.11543365903 0.00228977382332459      6623
                 470    1517.48434557702 0.00228377081568007      6594
                 480    1547.71327591402 0.00227804506528972      6558
                 490    1577.90832654702   0.002272579384309      6521
                 500    1609.77791323102 0.00226736530869938      6491
                 510    1643.75684023102   0.002262411442878      6455
                 520    1676.75930951102 0.00225769510519003      6434
                 530    1707.69872165502 0.00225320194445137      6406
                 540    1738.07470791603 0.00224890803154782      6371
                 550    1769.14589253302 0.00224479939329657      6347
                 560    1799.79939469002 0.00224086983544718      6310
                 570    1830.47071122203 0.00223710629929839      6292
                 580    1860.85604881503 0.00223350129751327      6279
                 590    1891.28001988003 0.00223004194235841      6257
                 600    1921.77059852203  0.0022267268790536      6232
                 610    1952.26301166003 0.00222355596247787      6203
                 620    1983.18659540103 0.00222051177390369      6185
                 630    2013.33931097203 0.00221759282631207      6155
                 640    2046.97022711003 0.00221479558441376      6133
                 650    2078.43124701003 0.00221211307338994      6108
                 660    2108.32554923303 0.00220953608796731      6095
                 670    2138.20987096703 0.00220705903848371      6075
                 680    2171.21046150103 0.00220468141283461      6061
                 690    2202.17265567604 0.00220239577743368      6035
                 700    2232.12083076603 0.00220020473405942      6009
                 710    2262.07440769004 0.00219810278495334      5993
                 720    2291.79215840804 0.00219608106270247      5985
                 730    2322.00207789303 0.00219413830140716      5971
                 740    2352.52049081304 0.00219227052662791      5949
                 750    2385.11834334604 0.00219047331291404      5926
                 760    2415.52928710204 0.00218874665018423      5911
                 770    2445.49757676103 0.00218708831761958      5890
                 780    2475.80191429303 0.00218549342193947      5873
                 790    2507.97500000603 0.00218396306273198      5847
                 800    2539.72733487804 0.00218249038451839      5840
                 810    2572.05167553503 0.00218107186732151      5826
                 820    2603.05285838503 0.00217972731775512      5819
                 830    2632.90162576003 0.00217843423680786      5796
                 840    2663.20752465704  0.0021771911226315      5791
                 850    2693.55651885003 0.00217599254986742      5778
                 860    2723.15652185704 0.00217483642611848      5762
                 870    2752.84082202103 0.00217372176074286      5744
                 880    2782.76682699603 0.00217264687764575      5735
                 890    2812.64543970903 0.00217161340437957      5721
                 900    2842.29076564104  0.0021706170055335      5715
                 910    2871.77442440504 0.00216965663737527      5705
                 920    2902.58759890104 0.00216872991039038      5693
                 930    2934.01763146804 0.00216783752844458      5682
                 940    2963.70581216404 0.00216698958574822      5671
                 950    2995.41594511304 0.00216617212071955      5670
                 960    3026.14789131904 0.00216538313222543      5656
                 970    3055.71191321004 0.00216462224274251      5647
                 980    3085.41089680704 0.00216389032769876      5636
                 990    3114.91212812604 0.00216318351771039      5627
                1000    3144.38447775604 0.00216250315187419      5617
test acc = 0.9955
