iterations	time(s)	objective	nnz
#samples n=58000; #features d=10001
                  10    32.3675274380003  0.0103165673469671      6668
                  20    62.0090356370056 0.00930712954028524      5316
                  30    90.6330814960093 0.00876322033745801      4524
                  40    119.447025353009 0.00839497310141402      3985
                  50    147.618544501012 0.00811862348267304      3626
                  60    175.446574203008 0.00789668240871155      3312
                  70    203.218300218003 0.00771283584254472      3088
                  80    230.625333369011   0.007557585654773      2879
                  90    257.957704522007 0.00742380915388063      2721
                 100    285.560821492007 0.00730846518908705      2579
                 110    312.501964188006 0.00720890144562852      2452
                 120    339.307984004001 0.00712169064830838      2348
                 130    366.167342733002 0.00704380828928541      2251
                 140       392.791631221 0.00697416381809101      2165
                 150    419.323112201004 0.00691174726918327      2104
                 160    445.981322579006 0.00685538250783937      2036
                 170    472.446235761003 0.00680466411346185      1962
                 180    498.815579635011  0.0067585262462558      1923
                 190    525.290654183009 0.00671657953189376      1882
                 200    551.615204989001 0.00667810999489539      1846
                 210    578.155974542002 0.00664304163421471      1808
                 220    604.540903622001 0.00661094170924793      1765
                 230    630.813890051002 0.00658144482668883      1732
                 240    657.024015506999  0.0065544902924309      1696
                 250    683.240363678997 0.00652954865207457      1670
                 260    709.482572779001 0.00650642893866447      1641
                 270    735.559230183004 0.00648486302302258      1615
                 280    761.685127249002  0.0064647495029989      1594
                 290    787.883922673995 0.00644605617992739      1578
                 300    813.906500397999 0.00642867731720888      1554
                 310    839.957159121994 0.00641247782179111      1537
                 320    866.113585179992 0.00639733452695222      1506
                 330    892.044726768996 0.00638333918907365      1487
                 340       918.048095642  0.0063701653745561      1466
                 350    944.124293733003 0.00635779098736705      1452
                 360    970.041332331995 0.00634622902095513      1440
                 370    995.993213164002 0.00633548831526827      1418
                 380      1022.017519188 0.00632538992286756      1411
                 390    1047.85021170501 0.00631589278821547      1394
                 400    1073.79708907101  0.0063069416579109      1372
                 410      1099.751018168 0.00629853376712074      1365
                 420      1125.568710022 0.00629090751265963      1343
                 430      1151.431554857 0.00628396106111417      1332
                 440    1177.38728623401 0.00627740457489226      1322
                 450      1203.179427609 0.00627123436005729      1309
                 460    1229.00373833001 0.00626543474002363      1293
                 470    1254.95815366001 0.00625999633522845      1282
                 480      1280.743227432 0.00625484450886931      1278
                 490      1306.507127492 0.00624996737335311      1268
                 500      1332.434304485 0.00624535554668155      1260
                 510    1358.15126010501 0.00624097701723086      1255
                 520      1383.843340295  0.0062368663038215      1243
                 530      1409.767412439 0.00623300336765987      1238
                 540      1435.448062088 0.00622934270523488      1227
                 550      1461.119678869 0.00622587241831133      1223
                 560      1486.997694354 0.00622258626972519      1218
                 570      1512.631162258 0.00621947333988723      1214
                 580      1538.299496356 0.00621651888876496      1207
                 590    1564.17610552401 0.00621371801951974      1196
                 600      1589.821269808 0.00621110614455547      1186
                 610    1617.06718393099 0.00620864405586698      1180
                 620      1646.191848125 0.00620631458311326      1177
                 630      1676.247361359 0.00620410377778099      1171
                 640    1706.51616868899 0.00620199885835523      1167
                 650    1737.55488739799 0.00620001402480892      1160
                 660    1765.32110576699 0.00619813557386044      1157
                 670    1794.59671618399 0.00619635244102198      1148
                 680    1823.09659422499 0.00619466114198062      1146
                 690      1850.418627281 0.00619305290582575      1147
                 700    1877.85072584899 0.00619152272851029      1146
                 710    1904.88061953099 0.00619006450996671      1139
                 720    1931.57326597599 0.00618867443720183      1137
                 730    1958.02922671499 0.00618735107295665      1132
                 740    1984.47983859399 0.00618609107787993      1128
                 750    2011.66947871599 0.00618488885455178      1123
                 760    2038.13569764099 0.00618374157137795      1122
                 770    2065.13950126799 0.00618264739693334      1120
                 780      2094.867868291 0.00618160662041541      1116
                 790    2122.02394217099 0.00618061374193169      1114
                 800    2150.37319416899  0.0061796648223294      1110
                 810    2182.97845312399 0.00617875865832078      1106
                 820    2212.03685920499 0.00617789106306616      1105
                 830       2238.81081389 0.00617706177189491      1104
                 840      2265.281587406 0.00617627153867993      1102
                 850    2292.25248937299 0.00617551615873984      1098
                 860      2319.173510676 0.00617481537200263      1097
                 870    2346.35966509699 0.00617414449513808      1095
                 880    2373.43148887999 0.00617350311629181      1094
                 890    2400.38424636599 0.00617288829112286      1092
                 900    2427.93592539999 0.00617229987788889      1091
                 910      2454.474716128 0.00617173809900711      1089
                 920      2481.506806044 0.00617119950454174      1087
                 930      2508.287290305 0.00617068344938612      1085
                 940      2535.342562355 0.00617018987981085      1082
                 950       2564.67973892 0.00616971982384144      1078
                 960      2592.031154378  0.0061692716019617      1076
                 970      2618.704060008 0.00616884211470447      1076
                 980    2645.28603327499 0.00616843152548952      1074
                 990       2671.90435672 0.00616803751390803      1072
                1000      2698.376945162 0.00616765996958269      1070
test acc = 0.9945
