iterations	time(s)	objective	nnz
#samples n=100000; #features d=10001
                  10    49.3585481539994 0.00267380310993937      5162
                  20    96.7499407370051 0.00251190395378957      3907
                  30    142.723641854005 0.00241272449492337      3276
                  40    187.888325409003 0.00233999416524327      2893
                  50    232.584697133003 0.00228163719352488      2619
                  60    276.867515638005 0.00223176522493122      2397
                  70        320.82031666 0.00218879655654092      2209
                  80    364.468765111997 0.00215130435665512      2063
                  90     407.93528824699 0.00211789441913837      1944
                 100    451.232552197987 0.00208765433264894      1837
                 110     494.44060614398 0.00206017673003723      1759
                 120    537.549635036987 0.00203465483520016      1683
                 130    580.535946027987 0.00201087875282713      1609
                 140    623.368967121976  0.0019887203023752      1553
                 150    666.046348508979 0.00196805812415401      1483
                 160    708.634686494981 0.00194869935582774      1438
                 170    751.298609411977 0.00193038697779413      1388
                 180    793.795224945978 0.00191313660195809      1335
                 190     836.16500368798 0.00189682812884934      1298
                 200    878.508818572976 0.00188129605937497      1256
                 210    920.822507119978  0.0018664689691208      1235
                 220    963.100516287981 0.00185225626157383      1205
                 230    1005.32023129498 0.00183865940306764      1176
                 240    1047.52932462298  0.0018256351891164      1148
                 250    1089.68718749398 0.00181319179764862      1123
                 260    1131.83921549698 0.00180124358898678      1102
                 270    1174.04259636498  0.0017898057977402      1080
                 280    1216.22417105698 0.00177877163372406      1058
                 290    1258.33704239499 0.00176825161372118      1046
                 300    1300.32981686298 0.00175808658387779      1023
                 310    1342.27106886299 0.00174827806141968      1006
                 320    1384.21106654398  0.0017388339100749       980
                 330    1426.13132032799 0.00172976884417927       962
                 340    1468.00691876899 0.00172109638525202       943
                 350    1509.88560820898 0.00171269113705107       927
                 360    1551.75996108598 0.00170455138870033       918
                 370    1593.60551926697 0.00169667960269707       904
                 380    1635.45028631098 0.00168904420692795       895
                 390    1677.29685289699 0.00168164716996569       879
                 400    1719.12067500399 0.00167447237860861       865
                 410      1760.929259155 0.00166751195472305       850
                 420      1802.732270327 0.00166079287722017       842
                 430       1844.55376884 0.00165428353653339       828
                 440    1886.39589601399 0.00164798819637877       822
                 450      1928.243089777 0.00164186870466174       814
                 460    1970.07555840199 0.00163592073871771       807
                 470    2011.87013700499 0.00163013465877019       796
                 480    2053.58145480099 0.00162451104303155       792
                 490    2095.29693382299 0.00161903541492307       778
                 500    2137.25384374398 0.00161374310111343       775
                 510    2178.91146744998 0.00160858462584752       772
                 520    2220.58119955098 0.00160358005556445       759
                 530    2262.26310417198 0.00159873582866256       753
                 540    2303.92312201198 0.00159403051566056       748
                 550    2345.61126249197 0.00158945850182189       744
                 560    2387.30161241897 0.00158501006542808       737
                 570    2428.99729501297 0.00158068181879014       729
                 580    2470.65601671697 0.00157650052744336       723
                 590    2512.33698286297   0.001572446841865       717
                 600    2554.01095955297  0.0015685047488887       715
                 610    2595.67972166897 0.00156467910346261       700
                 620    2637.32344990997 0.00156098033031175       698
                 630    2679.01175645097  0.0015573789586228       698
                 640    2720.75134196198 0.00155387874166356       696
                 650    2762.49822035697 0.00155047602129933       694
                 660    2804.24668213897 0.00154716204767272       694
                 670    2845.97464701397 0.00154393687288039       684
                 680    2887.66700666898 0.00154079472631083       681
                 690    2929.29813728398  0.0015377332118488       677
                 700    2970.95982608499 0.00153476134303752       673
                 710    3012.63278951899 0.00153187559721161       671
                 720    3054.30062081899 0.00152905774988309       669
                 730    3095.96281516799 0.00152631082875091       673
                 740    3137.61212263599 0.00152363935404682       666
                 750    3179.26377719999 0.00152103980163309       663
                 760      3220.916123332 0.00151850605288327       661
                 770      3262.526422231 0.00151604090243932       659
                 780      3304.169233187 0.00151364559059503       652
                 790      3345.827925223  0.0015113121031375       651
                 800       3387.45784944 0.00150903368092389       650
                 810      3429.077151918  0.0015068240393538       647
                 820      3470.691763552 0.00150467268626827       645
                 830    3512.31397548701  0.0015025729466715       646
                 840    3553.94590002401 0.00150053492443045       643
                 850    3595.57383976601 0.00149854779800149       642
                 860    3637.21571163901 0.00149660904155307       639
                 870    3678.87122199802 0.00149471657896501       641
                 880    3720.49880832101 0.00149286905658249       644
                 890    3762.12146797201 0.00149106703999568       638
                 900    3803.74384943101 0.00148931041017616       638
                 910       3845.39572456 0.00148763498978808       638
                 920    3887.05958609001 0.00148600052165687       636
                 930      3928.730510079 0.00148441177528389       629
                 940      3970.404252618 0.00148285866411274       632
                 950      4012.070245323 0.00148134442290834       629
                 960    4053.73300843201 0.00147986649634493       627
                 970      4095.407635441 0.00147842246649952       624
                 980      4137.065067133 0.00147701581287394       624
                 990    4178.69788728301 0.00147564580993069       617
                1000    4220.29966775901 0.00147431178046482       618
test acc = 0.999
