iterations	time(s)	objective	nnz
#samples n=100000; #features d=10001
                  10     40.885472255999 0.00672100491959515       650
                  20     81.365520297004 0.00605841703721191       425
                  30     123.19356237301 0.00557058215851374       350
                  40    165.254218703005 0.00518052621228718       299
                  50    207.535119845008 0.00485716618967075       298
                  60    250.013240829008 0.00457458784182752       283
                  70    292.583509079006 0.00432598005386415       280
                  80    335.336889912011 0.00411429503399588       266
                  90    378.354412111003 0.00392933540759979       253
                 100    421.590086068005 0.00376186696965728       259
                 110    465.122296065005 0.00361346966931908       250
                 120    508.994816251005 0.00348223821768476       254
                 130       553.283154555 0.00337177197055376       241
                 140       597.895865437 0.00327905829704545       242
                 150    642.946322826996 0.00319883315736664       233
                 160    688.398256378001 0.00312879372306732       241
                 170    734.266820701996 0.00306710649681856       232
                 180    780.506017652995  0.0030157457602326       229
                 190    827.189865191001 0.00297296166575538       229
                 200       874.334194764  0.0029364450931945       228
                 210    921.797039301004 0.00290561261931508       235
                 220    969.626751129996 0.00287979646462812       227
                 230      1018.048369229 0.00285828178109136       224
                 240    1066.46498641399 0.00284028074947867       221
                 250      1115.054630016 0.00282517622218594       215
                 260      1163.686880775 0.00281291138295953       215
                 270      1212.408175436 0.00280281945260914       208
                 280      1261.246421412 0.00279450639858674       209
                 290    1310.22305947101 0.00278762968815568       208
                 300      1359.294052825 0.00278174515039362       211
                 310    1408.39696180999 0.00277690605645133       207
                 320    1457.51379279199 0.00277336170464402       202
                 330      1506.614159139  0.0027707880447042       203
                 340      1555.716243818 0.00276868900989534       199
                 350      1604.864467623 0.00276698160761763       194
                 360    1653.97669895701 0.00276552693781399       191
                 370      1702.949798865 0.00276430825479525       187
                 380      1751.910239551 0.00276326285695646       185
                 390    1801.01614270701  0.0027623572597316       184
                 400      1850.181613964 0.00276157703455521       180
                 410      1899.329572102  0.0027608954856787       179
                 420    1948.50275545899 0.00276031441115401       177
                 430    1997.68071569999 0.00275981805553379       177
                 440    2046.84590790399 0.00275945946778855       174
                 450    2096.06696492699 0.00275924194979163       174
                 460    2145.16579881598 0.00275906203661782       171
                 470    2194.15755795198 0.00275891208121134       170
                 480    2243.34638042398 0.00275878239962618       169
                 490    2292.63030810798 0.00275867086292771       170
                 500    2341.89656318798  0.0027585748108639       167
                 510    2391.19446828698   0.002758493351632       166
                 520    2440.48666261698 0.00275842311325246       165
                 530    2489.78326066498 0.00275836145354942       165
                 540    2538.99318988098 0.00275830685744834       165
                 550    2588.06803940698 0.00275825861935297       165
                 560    2638.05254658998 0.00275821556507831       165
                 570    2689.26215637998 0.00275817756918399       164
                 580    2740.16890219998 0.00275814428538194       163
                 590    2790.79237594799  0.0027581145171265       163
                 600    2841.39812492098 0.00275808816374664       162
                 610    2890.46147945198 0.00275806455035082       162
                 620    2939.47781712399 0.00275804337589879       162
                 630    2988.86728340399 0.00275802441241877       162
                 640    3038.33083309999 0.00275800735194304       161
                 650    3087.84048902897 0.00275799214875771       160
                 660    3137.20699677698 0.00275797864216579       160
                 670    3186.87189057298 0.00275796642753235       160
                 680    3236.18521688997 0.00275795540607563       160
                 690    3285.12286366896 0.00275794550452407       161
                 700    3334.52528355396 0.00275793656067267       160
                 710    3383.75437318996  0.0027579284894285       160
                 720    3433.36335279396 0.00275792120386005       160
                 730    3482.57354034896  0.0027579146575743       159
                 740    3531.98939234095 0.00275790869355994       160
                 750    3581.46003864895 0.00275790331921756       160
                 760    3630.84373608696 0.00275789843817716       160
                 770    3680.00931694396 0.00275789401499823       160
                 780    3729.34904446995 0.00275788999388859       159
                 790    3780.02300188995 0.00275788632595453       159
                 800    3829.27741503796 0.00275788300108132       159
                 810    3878.51930401695 0.00275787996486216       159
                 820    3927.65449651596 0.00275787720086896       159
                 830    3976.68354294795 0.00275787486566335       158
                 840    4025.92386233195 0.00275787275565328       158
                 850    4075.18911948396 0.00275787083954139       158
                 860    4124.47238413895 0.00275786912492196       157
                 870    4173.74566182495 0.00275786757189866       157
                 880    4222.99061835795 0.00275786616633419       157
                 890    4271.97252776394 0.00275786489187588       157
                 900    4321.15577151195 0.00275786373291998       157
                 910    4370.41074991095 0.00275786267966384       157
                 920    4419.67983803296 0.00275786172578459       157
                 930    4468.91981340796 0.00275786085299699       157
                 940    4518.13583425596 0.00275786005896908       157
                 950    4567.06930396696 0.00275785933733655       157
                 960    4616.15631803096 0.00275785867855456       157
                 970    4665.36246592596 0.00275785807726015       157
                 980    4714.61324263796 0.00275785752800661       157
                 990    4763.82182133196 0.00275785702684732       157
                1000    4813.06183782496 0.00275785656628642       157
test acc = 0.998875
