==> log.mnist1.rf.train-l1-0.01-l2-0.01 <==
                 920    2902.58759890104 0.00216872991039038      5693
                 930    2934.01763146804 0.00216783752844458      5682
                 940    2963.70581216404 0.00216698958574822      5671
                 950    2995.41594511304 0.00216617212071955      5670
                 960    3026.14789131904 0.00216538313222543      5656
                 970    3055.71191321004 0.00216462224274251      5647
                 980    3085.41089680704 0.00216389032769876      5636
                 990    3114.91212812604 0.00216318351771039      5627
                1000    3144.38447775604 0.00216250315187419      5617
test acc = 0.9955

==> log.mnist1.rf.train-l1-0.01-l2-0.1 <==
                 920    2943.18249785895 0.00483697713807155      8341
                 930    2974.88324355495 0.00483697713806962      8341
                 940    3006.62839788395 0.00483697713806812      8341
                 950    3038.42314141595 0.00483697713806695      8341
                 960    3070.04035094295 0.00483697713806604      8341
                 970    3101.58324593895 0.00483697713806532      8341
                 980    3133.09786303495 0.00483697713806477      8341
                 990    3164.55496285895 0.00483697713806434      8341
                1000    3195.99150243195   0.004836977138064      8341
test acc = 0.996

==> log.mnist1.rf.train-l1-0.1-l2-0.01 <==
                 920      2481.506806044 0.00617119950454174      1087
                 930      2508.287290305 0.00617068344938612      1085
                 940      2535.342562355 0.00617018987981085      1082
                 950       2564.67973892 0.00616971982384144      1078
                 960      2592.031154378  0.0061692716019617      1076
                 970      2618.704060008 0.00616884211470447      1076
                 980    2645.28603327499 0.00616843152548952      1074
                 990       2671.90435672 0.00616803751390803      1072
                1000      2698.376945162 0.00616765996958269      1070
test acc = 0.9945

==> log.mnist1.rf.train-l1-0.1-l2-0.1 <==
                 920      2616.663773387 0.00805445969224475      3020
                 930      2644.926820546 0.00805445969224248      3020
                 940      2673.355700606 0.00805445969224074      3020
                 950      2701.596923494 0.00805445969223939      3020
                 960      2729.806143882 0.00805445969223837      3020
                 970    2758.03009254401 0.00805445969223759      3020
                 980    2786.41701884701 0.00805445969223701      3020
                 990      2814.673584874 0.00805445969223654      3020
                1000      2842.870393542  0.0080544596922362      3020
test acc = 0.996

==> log.mnist1.rf.train-l1-1-l2-0.01 <==
                 920    2697.44490076505  0.0185224866053213       177
                 930    2726.69289305505  0.0185224830283047       177
                 940    2755.95458946305   0.018522479773946       177
                 950    2785.38133273905  0.0185224767171889       177
                 960    2814.70212520105  0.0185224739231736       177
                 970    2843.94127883804  0.0185224713337589       177
                 980    2873.23571617904  0.0185224689560553       177
                 990    2902.54304182504  0.0185224667437477       177
                1000    2932.00727325004   0.018522464696562       177
test acc = 0.995

==> log.mnist1.rf.train-l1-1-l2-0.1 <==
                 920    2780.02840131401  0.0198604065529448       384
                 930    2810.43599605401  0.0198604065529448       384
                 940    2840.67766008301  0.0198604065529448       384
                 950    2870.85451836801  0.0198604065529448       384
                 960    2901.05112516501  0.0198604065529448       384
                 970    2931.25704299401  0.0198604065529448       384
                 980    2961.50958832101  0.0198604065529448       384
                 990    2991.86301927701  0.0198604065529448       384
                1000    3022.00371039801  0.0198604065529448       384
test acc = 0.9945
