time obj
0.0011786429895437323 0.5
0.014880100985465106 0.5
0.20656810700165806 0.5
1.9916060729956371 0.028273512594169759
3.3885521349875489 0.019474062190019722
4.5820664809871232 0.018859425468826605
5.634452906990191 0.018723945411062343
6.6055770629973267 0.018663956176283379
7.5494172209873796 0.018659849246502932
8.5915491269624908 0.018607069158911336
9.5113330859603593 0.018589304451562361
10.442694886958634 0.01857995287209635
11.354957991956326 0.018564532875424176
12.241600842942717 0.018566761149679013
13.117153924933518 0.018554364505106648
13.988262039936671 0.018545593138467462
15.120534794928972 0.018540767708729547
15.976899347915605 0.018538554781506775
16.825790070943185 0.018534956615108622
17.663241477952397 0.01853698090155163
18.503026258942555 0.018532056171219211
19.838492329930887 0.018531333441414784
20.662760973922559 0.018529185724713144
21.480650378929568 0.018527595653975222
22.290166656915972 0.018526715071294754
23.095200401912734 0.018526768053452127
23.896826832919032 0.018525495107273433
24.691312366914644 0.018526204404763363
25.486790573901089 0.018524442732682365
26.280929143904359 0.018524040680789996
27.069901282928186 0.018524107822604309
27.865298247925239 0.018524880542637935
28.656659993925132 0.018523978708475268
29.445664445920556 0.018523329768274286
30.225822683911247 0.018523287171349902
31.006887672898301 0.01852328701677183
31.789063874901331 0.018523008628754251
32.566293234885961 0.01852339783157304
33.341430350883456 0.01852284538052628
34.11471565089596 0.018522846250873908
34.890270056894224 0.0185239210323059
35.660076116888376 0.018522668049549551
36.428134965884965 0.018522642855564025
37.35220050089265 0.018522607570477554
38.541600043878134 0.018522567337768733
39.304597487847786 0.018522538754132761
40.06345481686003 0.018522539560505237
40.820764607844467 0.018522541551624524
41.598689148857375 0.018522520454347411
42.351781421843043 0.018522584531658642
43.104198294859088 0.018522706150190135
43.855727787871729 0.018522499792512762
44.60517206384975 0.018522549345222086
45.354864854831249 0.01852269543302331
46.108336140830943 0.018522503008438069
46.853037214837968 0.018522506695885965
47.59722784384212 0.018522476595279225
48.342011008855479 0.018522473268582831
49.08682934983517 0.018522479449434474
49.830797819813597 0.018522579912157999
50.573443345820124 0.018522481230155267
51.315300480826409 0.018522472520753463
52.057474112822092 0.018522472384333664
52.805904606830154 0.01852246220417492
53.553039549798996 0.018522456369540995
54.288441242781118 0.018522453270939359
55.023957405792316 0.018522451437390643
55.759143904790108 0.018522449728210162
56.494739017805841 0.018522478536713603
57.227343034792284 0.018522468509229988
57.960554960765876 0.01852244765504377
58.693415251749684 0.018522449230352338
59.432044788736675 0.018522459652686951
60.167098536738195 0.01852244811203374
60.89986690072692 0.018522463847449336
61.633090052724583 0.018522482736320768
62.365690731727227 0.018522447650110546
63.607310894702096 0.018522451106183575
64.338875177709269 0.018522446524812362
65.071032259729691 0.018522443079629566
65.802467104738753 0.018522443962674124
66.533280688723607 0.018522443933557502
67.263052549715212 0.018522439704038357
67.993056696715939 0.018522446054269205
68.722986758722982 0.018522439533979924
69.453788717728457 0.018522448689778488
70.186559528759972 0.018522440645288882
70.918188935756916 0.01852244051808612
71.647764255751099 0.018522439236688702
72.377669561756193 0.018522439479455546
73.106970087748778 0.01852244221918847
73.83664694178151 0.018522439773189521
74.565901872789254 0.018522440653091072
75.295405344797473 0.018522439518645937
76.023268675802683 0.018522439425502326
76.752345422799408 0.018522439249037931
77.481386937790376 0.018522441074903091
78.211751671791717 0.018522439969261627
78.940751331778301 0.018522440065540768
79.671453231771011 0.018522439263061328
80.408030005761248 0.018522439360061503
81.137036451749736 0.018522440177776017
81.866054924714263 0.01852243910188241
82.595383990716073 0.018522439833031874
83.323548472726543 0.01852243911788708
84.05367557372665 0.018522439151112395
85.19058518971724 0.018522439287909843
85.919177520729136 0.018522439394686722
86.648566339747049 0.018522439204045494
87.379799053742317 0.01852243954810176
88.111251016729511 0.018522439591556954
88.841857031729887 0.018522439103437895
89.573111242701998 0.018522439110041346
90.303508878700086 0.018522439308418168
91.03215583669953 0.018522439104153944
91.760463477716257 0.018522439117844486
92.487395707721589 0.018522439134450914
93.215553070709575 0.018522439256872202
93.944973221703549 0.018522439103171862
94.674961014716246 0.018522439217731303
95.402928066716413 0.018522439221800361
96.131479360730737 0.018522439185211247
96.859310912746878 0.01852243911241333
97.587656678762869 0.018522439095552536
98.315398179751355 0.018522439174611369
99.04272940975352 0.01852243910059027
99.769950755755417 0.018522439098871975
100.49747783575731 0.018522439149777557
101.22584198476397 0.018522439143183852
101.95291466578783 0.01852243910607736
102.67992267481168 0.018522439098991931
103.407296829806 0.018522439094166555
104.1356865448106 0.01852243909787088
104.86667797680275 0.018522439092566432
105.59399097983987 0.018522439097154206
106.32154974382138 0.01852243912928634
107.04718281581154 0.018522439095097078
107.77541285482584 0.018522439108181684
108.50264656076615 0.018522439094490993
109.23023005875439 0.018522439092578346
109.95755228673079 0.018522439108846642
110.68465204774111 0.018522439092167171
111.41153956172639 0.018522439092526384
112.13899826875422 0.018522439112771859
112.86688302979019 0.018522439093958697
113.59568412680528 0.018522439092568323
114.32319632678264 0.018522439092017104
115.0500393467737 0.018522439096897769
115.77656603076321 0.018522439094236742
116.50583866675879 0.018522439094497627
117.23437728775752 0.018522439092065544
117.96300565475394 0.01852243909478395
118.69103869075479 0.018522439099699972
119.41969296075695 0.018522439091913409
120.14816846476606 0.018522439094745106
120.87636393376306 0.018522439092613471
121.60483048875176 0.018522439092193397
122.33216516676475 0.018522439091863879
123.06101518375363 0.018522439091798553
123.78929323277407 0.018522439093834175
124.51720905175171 0.018522439091713663
125.24324343971966 0.0185224390917361
125.9680759707262 0.018522439092878668
126.69376067472331 0.018522439091948086
127.42011113874469 0.018522439093032108
128.14661274974787 0.018522439092551461
128.87225074376329 0.018522439092040502
129.59924480075279 0.018522439092014915
130.32811845476681 0.018522439092358556
131.05463636680361 0.01852243909170162
131.78089945380634 0.018522439093322768
132.50707038478868 0.018522439091961405
133.23394944979373 0.018522439091786493
133.96034251079982 0.018522439092270738
134.68667629480478 0.018522439092306317
135.41171400780149 0.018522439091693207
136.1373977027979 0.018522439091671426
136.86306972381135 0.018522439091671422
137.58891127680545 0.018522439091651913
138.31797537177772 0.018522439093338169
139.04539195678808 0.01852243909195115
139.77127309779462 0.018522439091855632
140.49803815076302 0.018522439091903063
141.2236753907564 0.018522439091649689
141.94981907874899 0.018522439091662613
142.67599157274526 0.018522439091648926
143.4020514357253 0.018522439091645231
144.12801652272174 0.018522439091804063
144.85326429271663 0.018522439091818287
145.57942967172858 0.018522439091756094
146.30622587174003 0.018522439091654578
147.03355633173487 0.018522439091693512
147.7615429747093 0.01852243909167
148.49025381370302 0.018522439091640346
149.21831370570726 0.018522439091688474
149.94491414869117 0.01852243909164028
150.6714735386995 0.018522439091646272
151.39820492272702 0.018522439091641776
152.1239496217022 0.018522439091661118
152.85060989667545 0.018522439091652892
