time obj
3.094919449002191 0.034850669913476337
6.9355855109970435 0.042241004574953521
10.226003390002006 0.03933119620350805
13.391165818000445 0.03606396627112908
16.305769859995053 0.0332325786046321
19.036141131990007 0.030632328509628892
21.606459047994576 0.029180571226556297
24.071826944993518 0.028066352802391059
26.471738923995872 0.027045211934465012
28.775422913000511 0.025837237594502384
31.038579415995628 0.025215747926710306
33.266984245994536 0.024495108438282343
35.468255008992855 0.023786490233701111
37.639777321994188 0.023344626041958267
39.791455022990704 0.022947642841295381
41.886484485992696 0.022359600908746148
44.006677469988063 0.022156287250586295
46.077379468988511 0.021813031416127858
48.166835872994852 0.021616631962944652
50.211324117997719 0.021542367338053696
52.271925184999418 0.021317705480900524
54.254656078999687 0.021291650583779128
56.265979848998541 0.021129892264162415
58.229866936999315 0.020904084955532563
60.266494734001753 0.02073887545409888
62.253162347005855 0.020762171329765152
64.269686876999913 0.020459611294332703
66.225492033998307 0.020381962557513188
68.164153544996225 0.02032501910417972
70.625862723994942 0.020360696220564776
72.574721274992044 0.020170849998550535
74.502094156989187 0.020043882277332576
76.43461987698538 0.019959581242402966
78.365704183990601 0.019885647604021284
80.298201995989075 0.019783108989322094
82.198030967992963 0.019673651870364121
84.111278453994601 0.019610442258405528
86.004957586992532 0.019561295630869294
87.940711907991499 0.019430132242422918
89.810030765991542 0.01939532369020032
91.730375674997049 0.019395545075280945
93.612270327997976 0.019301367008002814
95.484179950995895 0.019236810694014925
97.404944254994916 0.019177274203105551
99.289048912993167 0.019114583283261245
101.17697506899276 0.019091538032987347
103.30735003099835 0.019078520256770252
105.19502297199506 0.019034672695230796
107.06365540499246 0.018999025384171614
108.92018233299314 0.019046319341322761
110.77163850599027 0.018922181100633376
112.84733408299508 0.018888443704042936
114.67845326099632 0.018881506189474411
116.54108050099603 0.018849582302124579
118.36521770899708 0.018862828119601441
120.30361283499224 0.018835043869325139
122.53993314599211 0.018811810949166247
124.6015665409941 0.018770173589240467
126.72967685299227 0.018756851372265043
128.75010104799003 0.01875616881146995
130.75787274698814 0.018778421787675185
132.82364057998348 0.018736912347853633
134.78519532298378 0.018723899385416784
136.72280548898561 0.018708025902587733
138.6869361759891 0.018703260489652498
140.64388787998905 0.018718633168421952
142.5155809309872 0.018681076126592842
144.39033603098505 0.018691831475862807
146.30909375698684 0.018659126980748311
148.21787779899023 0.018657696440614251
150.11000410599081 0.018653231473865373
151.94382946098631 0.01863780608555398
153.72594681099145 0.018640052941753322
155.55896307599323 0.018644777669410688
157.40543984299438 0.018615271186776135
159.27281426099216 0.018637327681547838
161.11729582199041 0.018621482357817392
163.41221747698728 0.018652042238445025
165.18661119098397 0.018617756322717092
166.98483915998804 0.018625149662341189
168.80256099998951 0.018594867285894177
171.01762299698748 0.018606412710995092
172.83588537798641 0.018583217034106043
174.69793214998208 0.018622064747459192
176.51506907098519 0.018603920802431981
178.34526552098396 0.018580649084933953
180.42151366798498 0.018579840604374991
182.1877751039865 0.018576033751780886
183.95390883398795 0.018594070552994328
185.69928332699055 0.018574063799394348
187.45627107498876 0.018567876056523675
189.21020435199171 0.018568221849710822
190.9857909699931 0.018572047416670127
192.73957058899396 0.018569813286386978
195.13722710399452 0.018574318919142796
196.92489011799626 0.018574367778289181
198.70540382900072 0.018560593536614843
200.46849781700439 0.018557368445135728
202.23550799500663 0.018554455143569008
204.02299873500306 0.018559412891882465
205.76185823100968 0.018559756741408352
207.51774094400753 0.018551302150944655
209.27656532400579 0.018579474058585652
211.03999911100254 0.018560371709159331
212.7690088330055 0.018549765779473391
214.51616886800912 0.018548447642008747
216.28454925400729 0.018548110259729397
218.04993465400912 0.01854950916823879
220.00538876000792 0.01854725513871007
222.06246429801104 0.018547213895081252
224.07025414401141 0.018543248589712163
226.12161857901083 0.018542935898052115
227.96159462801006 0.018542407945127615
229.98272057200666 0.018545799463239327
231.84548620800342 0.018541953354189643
233.65348885700223 0.018544057204769905
235.49496091500623 0.01854583983509658
237.38975654200476 0.01854121162088718
239.1924312120027 0.018539592599557814
240.95578145800391 0.018539579848611449
242.75403206900228 0.018543047903926059
244.54166771100427 0.018537379734644543
246.40252166400751 0.018538287667503331
248.17821071200888 0.018535088006803525
249.94168977300433 0.018536437825866909
251.98171185400133 0.018538275670361558
253.76270523400308 0.018537667122743885
255.5404689010029 0.018535376350877503
257.34849240900076 0.018539517071869564
259.22323301200231 0.018536756303195623
260.959571297004 0.018533247542826366
262.73142675100826 0.018533976121965553
264.45454141101072 0.018533598974496687
266.21505950901337 0.018534584696107442
268.03146303501126 0.018534949896611974
269.82209419400897 0.018532437175444071
271.60668705400894 0.018532043346259266
273.39703172501322 0.018532418079376046
275.13264883201191 0.01853223870790827
276.9100237020175 0.018531114703497675
278.62203361001593 0.018530663954669919
280.3191390680222 0.018531332891424817
281.98959322401788 0.018530806247968105
283.7358553290178 0.018529844107255413
285.43899705801596 0.018530203013054084
287.16666325301776 0.018530584215684046
288.87242116001289 0.018529163308292681
290.58486237701436 0.018529668474946494
292.33858637601952 0.01852869580191242
294.06856454802619 0.018528433078976829
295.7654518460331 0.018529708467300322
297.43479059702804 0.018529149773680965
299.16146321403357 0.018527760796442288
300.86344588702923 0.018528033002207654
302.5495579540293 0.018527325449107155
304.21376223603147 0.01852745713083637
305.8942937240281 0.018529720056440251
307.57252631102165 0.018528755856893581
309.26836864001962 0.018526998011606902
310.94901214902347 0.018526449418758126
312.9310902350262 0.018528215067565065
314.74741941302636 0.018526179932814989
316.7718701730264 0.018527819628831186
318.55684973102325 0.01852638867824551
320.46236669402424 0.01852718560845806
322.35416890002671 0.018527225584434301
324.2232917500296 0.018526345238815925
326.28327878202981 0.018525826692414184
328.10368626302807 0.018525729381425358
330.07156398802908 0.018527665223229375
331.86262474103569 0.018525506243844945
333.75761547203729 0.018525014645584575
335.63907409203966 0.018525117434034202
337.46324129003915 0.018525366389823744
339.50462006204179 0.018527401757863916
341.38266091604601 0.018524740955466627
343.21313667405047 0.018524673507625825
345.00077053505083 0.018525680591447977
346.75196842805599 0.018524376367182724
348.55318754105974 0.01852571338794156
350.34816362106358 0.018524435165178134
352.08995736606448 0.018525396406054023
353.81707568106503 0.018524229722168876
355.5086905710632 0.018524115105812693
357.23671142706007 0.018525108778116802
358.96264020705712 0.018524199131632328
360.70298308405472 0.018524445497936658
362.45094111205981 0.018524629166734908
364.17165757605835 0.018523821076012512
365.87657879105973 0.018524810166060834
367.56582690305368 0.018524442776083349
369.24007545105269 0.018523762305372234
370.93507674904686 0.018523765244785519
372.64296290704806 0.018523812142245404
374.35970503304998 0.01852355092513934
376.07376635105175 0.018526231504750256
377.785336063047 0.018523587865944591
379.47542480704578 0.0185236334564086
381.15996047105 0.018524702000608084
382.84130659204675 0.018523574169342565
384.50612692504365 0.018523557805476959
386.15868870104168 0.018523727005577688
387.8260145400418 0.018523462825046126
389.50966861804045 0.018523564653741643
391.21693486004369 0.018523756907466452
393.27292146804393 0.018523707453036085
394.99773008903867 0.018523623901205124
396.9762482740407 0.018523393131303651
398.8096512510383 0.018524152161343652
400.72249314803776 0.018523786409286067
402.85326282603637 0.018523410469992008
404.627543644041 0.018523275711459595
406.501964057039 0.018523277477676341
408.3393465570407 0.018523123646789354
410.47799222104368 0.018523108901459792
412.51413494504231 0.018523545155092098
414.32240683503915 0.018522996576082008
416.28574189603387 0.018523423568125249
418.08714061303181 0.018523026258292843
419.92342137103697 0.018523023879229595
421.83167692103598 0.018522990246032732
423.60361330903834 0.018523095027222387
425.40290988603374 0.018523447095122225
427.20605417203478 0.018522907118269871
429.02258855903347 0.018522965775515706
430.73926262302848 0.018523174968261689
432.40955031903286 0.018522899915218882
434.14957141502964 0.018523099601257656
435.90937437802495 0.018523024278601842
437.64837053902738 0.018522935532468449
439.33861067602265 0.018522811058644617
441.01779734802403 0.018523493603747394
442.70975459302281 0.018522794257790298
444.42109982002148 0.018523127834359849
446.13212408901745 0.018522824032286795
447.88883545502176 0.018522869136136377
449.57294827402802 0.018522776963862956
451.24999853102781 0.018522720016301977
452.90773695102689 0.018522748332269218
454.54528642702644 0.018522726569021274
456.22027869602607 0.018522687778505176
457.88767818502674 0.018522953456350886
459.56104707803024 0.018522655669106866
461.26032908602792 0.018523022088029251
462.95808450302866 0.018522698916813116
464.61159062803199 0.018523000294452061
466.28514871703374 0.018522798893126489
467.95487397603574 0.018522859735078088
469.62072193503263 0.018522838056378513
471.25795622903388 0.018522961309348236
472.9126067410325 0.018522621033720252
474.57082328302931 0.018522849947160577
476.2096371720254 0.018522652104431377
477.88963932602201 0.018522606926553171
479.80968142402708 0.018522607039641099
481.51392403902719 0.018523155666797034
483.19039450802666 0.018522630645977377
484.81787349302613 0.018522698165222406
486.48091106303036 0.018522712334072752
488.13862358703045 0.018522625804075727
489.76359089403559 0.018522571027503851
491.43585701303527 0.018522704638728002
493.06378592603141 0.018522619048985878
494.73164290503337 0.018522596744135207
496.36921317803353 0.018522573784915956
497.9982165880283 0.01852258829199651
499.68340422503388 0.018522549362527427
501.34126062203723 0.018522561128234666
503.11315685504087 0.018522618702347747
504.77469586204097 0.0185225635874126
506.42210877404432 0.018522543597739992
508.15431227904628 0.018522532764460486
509.79653426504228 0.018522546597205664
511.44002457904571 0.018522546797956497
513.07963415504491 0.018522530677684595
514.71916371004772 0.018522524550301154
516.33522563204315 0.018522536530394672
517.97145113304578 0.018522522498745721
519.58354641504411 0.018522533994991951
521.21926396704657 0.018522691029979207
522.83517085805215 0.01852252884779958
524.47988321005687 0.018522521410299989
526.10231509606092 0.018522549372812447
527.73975050205627 0.018522502732896164
529.37418221505504 0.018522645845421636
531.00273594305327 0.018522537682714606
532.63029148805072 0.018522522198242804
534.2763754600528 0.018522512927364811
535.9179926320503 0.01852252018482814
537.53608340205392 0.018522522279239027
539.24005278205004 0.018522491313454396
540.89111068804777 0.018522674262744454
542.58982416205254 0.018522491288804808
544.20343078805308 0.018522517327409001
545.81597865605727 0.018522568956945273
547.45460251405893 0.018522490187634039
549.05625386306201 0.018522539360789854
550.66539294306858 0.018522500441434331
552.27867493707163 0.018522514578308037
553.89693589507078 0.018522520842175299
555.52015657706943 0.018522545303068863
557.12098970406805 0.01852248636966531
558.72549391607026 0.018522491331495843
560.33343556107138 0.018522488969699144
561.9440066980751 0.018522483985757357
563.57138205707452 0.018522485173688132
565.18983283307898 0.018522518625886927
566.81795136307483 0.018522603809757277
568.45481188707345 0.018522540289860827
570.07030870407471 0.018522515847052546
571.71909462607437 0.018522571036925239
573.35519251407823 0.018522483538386376
574.99381665607507 0.018522470835306521
576.63495561006857 0.018522604188586676
578.26158528206724 0.018522568674247088
579.90363058106595 0.01852254707514342
581.78482776606688 0.01852246841072951
583.47019755106885 0.018522466752272357
585.29214245107141 0.018522489005449557
587.21153251107171 0.018522579101730937
589.01025398207275 0.018522465853935716
590.93989628407144 0.018522479066431341
592.77656200907222 0.018522464763454757
594.64747563007404 0.018522470873334657
596.63093094507349 0.018522519772368649
598.3482245870764 0.018522463297807573
600.26257243508007 0.018522493500348132
602.00095546008379 0.018522502134018681
603.76439613808179 0.018522533497647653
606.25224795708345 0.018522461893437796
608.013119038078 0.018522526818538478
609.7031418430779 0.018522459224222021
611.42579553207179 0.01852247250294391
613.20224439507001 0.018522465030880592
614.95291809106857 0.01852246253798806
616.67294980206498 0.018522470905279684
618.35990365906764 0.018522462588461262
620.66248735306726 0.018522502062859162
622.37598791506753 0.018522520039785915
624.15158799806522 0.018522456907881457
626.34957708906586 0.018522462494307421
628.05438714706543 0.018522485206784612
629.69785311906162 0.018522456004674896
631.35120339106652 0.018522468251557799
633.02298057506414 0.018522492638954835
634.68830531606363 0.018522456779257662
636.35556671706581 0.018522523999669162
638.03294719906989 0.01852246710604229
639.73059208606719 0.018522456191813395
641.61301179607108 0.01852246191974919
643.33633179407479 0.018522469361806418
645.33702944607649 0.018522483435545765
646.9927615260749 0.01852245550397864
648.65005782407388 0.018522454382485523
650.29882557007659 0.018522461826252602
652.00773573308106 0.018522456828191904
653.68188122807624 0.018522450297682767
655.8115135560729 0.018522463126701721
657.47252881406894 0.018522465403495648
659.08497923106916 0.018522472360670558
660.76263758107234 0.018522459916438756
662.38568950007175 0.018522456120499742
663.97289616107446 0.018522452975333534
665.62939547707356 0.018522449237163768
667.24250267607567 0.018522485796803444
668.90692603607749 0.018522448846430679
670.53304235608084 0.018522460492071961
672.16993272708351 0.018522449960503781
673.83859498208767 0.018522475939688334
675.47260288508551 0.018522450556721359
677.12793236608559 0.018522449068647945
678.75624793008319 0.018522462281692378
680.51841827508179 0.01852244823094296
682.31104983108526 0.018522447984539777
684.28920113608183 0.018522447881076511
686.14909021608764 0.018522450550217652
688.08608068408648 0.0185224526973824
689.83915843908471 0.018522453380529567
691.65998593508266 0.018522449105948965
693.49315257708076 0.018522449248880919
695.21162782407919 0.018522447542431538
696.96676296107762 0.018522449659005933
698.72741255107394 0.018522449179345896
700.49079911006993 0.018522454557432733
702.15951035206672 0.01852244814297482
703.88078571806545 0.018522447178591517
706.02739120706246 0.018522459549902635
707.78404511306144 0.018522446718944069
709.49159545006114 0.018522456061382916
711.1743820250631 0.01852244699317843
712.83039777006343 0.018522469564518109
714.87680635806464 0.018522458298111038
716.58200217106787 0.018522446711038941
718.2828287950615 0.018522446267545619
719.98462906506029 0.018522445810745969
721.6982732990582 0.018522448107226433
723.35503741505818 0.018522444689519222
724.99858530905476 0.01852244618255006
726.63000028805254 0.018522449240986307
728.28264341304748 0.018522444015331718
729.95432483504555 0.018522461635841436
731.64835173705069 0.018522443481891838
733.35723222405068 0.01852244693805161
735.05763420005678 0.01852244399044603
736.72649685905344 0.018522443182390165
738.42031675805629 0.018522444212106394
740.06635534705856 0.018522449852723756
741.70060696006112 0.018522452133533096
743.2865414860571 0.018522441707440052
744.9514357130538 0.018522468722083574
746.59497345205455 0.018522448358974698
748.25331170905702 0.0185224475643214
749.88993381606269 0.018522447841301113
751.50334540705808 0.018522442070576597
753.1574266990574 0.018522452857165604
754.82923454805859 0.018522443557689783
756.45523683606007 0.018522450661610054
758.07430120905337 0.018522441264926345
759.68047043605475 0.018522455519169999
761.28451134805073 0.018522442499595101
762.89731343304447 0.018522440609578264
764.50166814604745 0.018522449107461512
766.11483185904945 0.018522447444474836
767.72217011905013 0.018522443208127039
769.36421703104861 0.018522441222556286
770.97170938405179 0.018522442957933299
772.63355005205085 0.018522440521869039
774.25496027005283 0.01852244208478215
775.88678655705007 0.018522441806280539
777.50299891505711 0.018522440506316296
779.13981698705902 0.018522451147161063
781.13170525906025 0.018522440435496633
782.7380207200622 0.018522440242594036
784.35517437505769 0.018522440242647997
785.96725837005943 0.018522440499298836
787.57799127405451 0.018522450090108396
789.1805961950522 0.018522441298341533
790.78828871205042 0.018522441615700127
792.37993013804953 0.018522445025733029
793.95777281805204 0.018522451767702047
795.59238008005195 0.01852243953291173
797.19015009405121 0.018522441164963099
798.80276067605155 0.018522439742130237
800.40994635505194 0.018522439495806432
802.01410325405595 0.018522439553345021
803.61903822205204 0.018522439804877038
805.23651069205516 0.018522453118854879
806.84950252505223 0.018522442522548168
808.45946453105717 0.018522441200785777
810.07845551406353 0.018522444997228337
811.69013374306815 0.018522440139082143
813.31362838806672 0.018522439641165941
814.92226006407145 0.018522440088627912
816.55748367107299 0.018522442529846431
818.14825752707111 0.018522439559270697
819.74713918507041 0.018522439821400009
821.3512094670732 0.01852243950765714
822.95826042207773 0.018522442750817575
824.53958331207832 0.01852244139099957
826.12771017008345 0.01852244455855449
827.7177072240811 0.018522439289141584
829.33509430008417 0.01852243942822936
830.94770494208933 0.018522439258421529
832.57184594309365 0.018522439393590686
834.18286721609184 0.018522451096767669
835.85863677009183 0.018522439720007885
837.47398182808683 0.018522439553425928
839.07210983808181 0.018522440387579716
840.69198471308482 0.018522452247704928
842.30800964308582 0.018522439224108084
843.9024642450895 0.018522440696655176
845.54551176809036 0.018522444015773559
847.18188058908709 0.018522439926320047
848.82416678708978 0.018522439982416261
850.43183439008862 0.018522440029872446
852.04587914208969 0.018522441289478005
853.66242445509124 0.018522439543459022
855.26230010009021 0.018522440216708753
856.85129036108992 0.018522439237731055
858.44296257509268 0.018522439438644768
860.03202590909495 0.018522441101934614
861.60928182409407 0.018522439687224616
863.19936725109437 0.018522439479510756
864.7865956510941 0.018522440588503088
866.36314466909243 0.018522440226641766
867.93112031109195 0.018522439674383828
869.62880463909096 0.018522441594696164
871.22853483409563 0.018522440160030577
872.79759181910049 0.018522439754044578
874.43463241209975 0.018522439251146695
876.02946869509469 0.01852244135668497
877.6607073750929 0.018522441648322126
879.24583673609595 0.018522439184620616
880.83936756009643 0.018522439395943852
882.4331132301013 0.018522441855600626
884.0542283761024 0.018522439352194459
885.65506742010621 0.01852243923682852
887.25463402010791 0.018522439339085723
888.89668644110498 0.018522442372263852
890.51260923410882 0.018522439531145428
892.08771485810576 0.018522439523310032
893.72032250210759 0.018522441807910236
895.32729349210422 0.018522443252180533
896.94250093010487 0.018522439589677482
898.60263491509977 0.018522439164292418
900.21208076510084 0.018522442102764613
901.82547708510538 0.018522444164578749
903.46800112910569 0.018522439166656184
905.06051767610916 0.018522439590263926
906.68956436610461 0.018522439325825729
908.29734183610708 0.018522439145663257
909.91066535810387 0.018522439588430556
911.50386835110112 0.018522439204158692
913.10291625009995 0.018522439570077535
914.75106124510057 0.018522439231932138
916.50349952909892 0.018522440077471478
918.20296446509747 0.018522440206557564
919.87143143709545 0.01852243925065564
921.47331159409805 0.018522439350245452
923.04287166910217 0.018522440222657557
924.6921933131016 0.018522439271953302
926.30268532910122 0.018522439309813458
927.86070726210164 0.018522439461983006
929.3440422640997 0.018522439139456372
930.93126615410438 0.018522439159918844
932.45761244810274 0.01852244072377765
933.93488028310094 0.018522439549711028
935.39156766010274 0.01852243916937454
936.87892924710468 0.018522440495673489
938.34424980910262 0.018522440138091262
940.37653085110651 0.018522439153497498
941.83539615210611 0.018522439650978006
943.28115055210219 0.018522439213559162
944.73599637410371 0.018522439176265379
946.21093527610356 0.01852243930035638
947.67130248610192 0.01852243928339244
949.14931020810764 0.018522440325775644
950.60779310211365 0.018522439167123941
952.07626398511638 0.018522439184261476
953.53821784411411 0.018522439105488463
954.99108645011438 0.018522440124984694
956.4531503251128 0.018522439118730097
957.91341759911302 0.018522440029379247
959.3761367771076 0.018522439584675952
960.83105441310909 0.018522439157354863
962.29575061111245 0.018522439500505736
963.75758035211038 0.018522439162174567
965.23152022410795 0.018522439421906421
966.66552925411088 0.018522439110381747
968.11508085811511 0.018522439163944061
969.5960353031187 0.018522439174174458
971.07054218612029 0.018522439122060568
972.53286025812122 0.01852243919279049
973.98245460211911 0.018522439117391605
975.43819665812043 0.018522439158999329
976.89705807412247 0.018522439148212715
979.08661978212331 0.0185224393611726
980.53491298411973 0.018522439271047311
982.00915616311977 0.018522439267832553
983.45694322611962 0.018522439339835963
984.91779297511675 0.018522439156914084
986.45031569611456 0.018522439703792817
987.89737481511111 0.018522439156001588
989.36747067410761 0.018522440500489873
990.9342100871072 0.018522439123628272
992.88489884010778 0.018522439753590091
994.35170785310765 0.018522439166390674
995.79957862910669 0.018522439181586324
997.28068272210658 0.018522439359133336
998.73444891410327 0.018522439347378378
1000.1925096311024 0.018522439196353348
1001.6584242051031 0.018522439221474687
1003.1208510760989 0.018522439108791464
1004.5719982110968 0.018522440006273733
1006.0382296970929 0.01852243914938994
1007.4941302080915 0.018522439136283035
1008.9611613550878 0.01852243925852861
1010.4203183730933 0.018522439357841324
1011.8858629450915 0.018522439107739857
1013.3424561490901 0.018522439170316617
1014.8190507060863 0.018522439098248706
1016.3050882900861 0.018522439210825293
1017.7761563810927 0.018522440084320666
1019.2440625800955 0.018522439115905929
1020.7155928220964 0.018522439212057037
1022.1680070990915 0.018522439173024985
1023.6214682610953 0.018522439123363467
1025.0806368230915 0.018522439217585732
1026.6012378890955 0.018522439192555983
1028.0631409320995 0.018522439357756888
1029.5148032830984 0.018522439568370106
1030.990303887098 0.018522439111206442
1032.4443805860938 0.018522439178352015
1033.8909226860924 0.018522439137255754
1035.3729233080885 0.018522439146912741
1036.8184698110854 0.018522439303352196
1038.2738004910861 0.018522439263816363
1039.7243337030814 0.018522439127480254
1041.1545541830856 0.018522439193453623
1042.599190952089 0.018522439141148872
1044.052590948093 0.018522439148497275
1046.078229486091 0.018522439146461827
1047.522809360089 0.018522439126792332
1048.9732702200927 0.018522439101857347
1050.4321376780936 0.018522439110884765
1051.8857601430936 0.018522439224674725
1053.3252072950927 0.018522439130873182
1054.7877546700911 0.018522439193005034
1056.2296970430907 0.018522439098537288
1057.683308141095 0.018522439098748081
1059.3205223930927 0.018522439222199479
1061.1998321210922 0.018522439204938977
1062.9145628850893 0.018522439270611271
1064.7850557220881 0.018522439099479024
1066.3953079740895 0.018522439134238556
1067.9913713090864 0.018522439433733755
1069.6581984620861 0.0185224391043875
1071.2505444830895 0.018522439146932867
1072.8154063020847 0.01852243911484933
1074.3271993750823 0.018522439130693159
1075.87715226008 0.01852243912675193
1077.4436186250823 0.018522439136762995
1079.0206220400869 0.018522439163204323
1080.5215654270869 0.018522439311290311
1082.0121809010889 0.018522439124409842
1083.5104786640877 0.018522439104212196
1085.4704812680866 0.018522439108501102
1086.9766426180868 0.018522439115401978
1088.4926566850918 0.018522439107447126
1090.0169818940922 0.018522439144286536
1091.5549336820914 0.018522439109145989
1093.0698427160969 0.018522439129846479
1094.5754324860973 0.018522439107658172
1096.0436707250992 0.018522439279731524
1097.5109846441046 0.018522439127150587
1098.9818295211007 0.018522439363809279
1100.4634763370996 0.018522439193139683
1101.9208471180973 0.018522439102371863
1103.4152188121006 0.018522439108111258
1104.8879550721031 0.018522439327427351
1106.6273504541023 0.018522439137058401
1108.1142073880983 0.018522439207168746
1109.6101552500986 0.018522439113024997
1111.1810656231028 0.018522439107506995
1112.6807640331026 0.018522439141601277
1114.1739215611015 0.018522439094522034
1115.7747999401035 0.018522439347920017
1117.3123590921023 0.018522439117676984
1118.766917326102 0.018522439151932954
1120.2326921890999 0.018522439167914798
1121.706313951101 0.018522439100131773
1123.1628643670992 0.01852243909348561
1124.6543233570992 0.018522439102016442
1126.1108329841009 0.018522439093292029
1127.592575995106 0.018522439160760101
1129.0454588001085 0.018522439103760235
1130.5089426621125 0.018522439178365838
1132.0480577851122 0.018522439153462023
1133.5199597961109 0.018522439098819631
1134.9817667541138 0.01852243909356581
1136.4495683721107 0.018522439107811445
1138.0068611971146 0.018522439105060403
1139.4997058471126 0.01852243910396523
1141.0006409471171 0.018522439130726955
1142.5126142881199 0.018522439117364991
1144.0057078531172 0.018522439215080771
1145.4902525751168 0.018522439128840652
1146.9632780551183 0.018522439093355984
1148.4547326431202 0.018522439106473131
1149.918853732117 0.018522439096596788
1151.4035237781209 0.018522439092111577
1152.8769454841167 0.018522439093000564
1154.3363807771166 0.018522439096062257
1155.8215189691182 0.018522439102836526
1157.3065773011185 0.018522439162944476
1158.7956918921191 0.018522439104229415
1160.2691247851253 0.018522439092524164
1161.7333538591265 0.018522439148708381
1163.1956110671308 0.018522439100060253
1164.6716936621306 0.018522439093111881
1166.1858625521345 0.018522439101773792
1167.630856090138 0.018522439094183912
1169.0866267291349 0.018522439104964601
1170.5540751101362 0.018522439092624299
1172.0159953231341 0.018522439100747166
1173.4626025471371 0.018522439108101949
1174.9180107871362 0.018522439092489077
1176.3622978181374 0.018522439112799539
1178.1316644601393 0.018522439202728183
1179.5802859001342 0.018522439098236348
1181.0494405091304 0.018522439092442115
1182.4986235581309 0.018522439095408339
1183.9579835331242 0.018522439094245655
1185.4088396341249 0.01852243912547883
1186.8688579441223 0.018522439102970033
1188.3264007331236 0.018522439105348999
1189.7880907851213 0.01852243909369114
1191.2406896031243 0.018522439093778608
1192.7032784771218 0.018522439107783339
1194.1582543101249 0.018522439093115541
1195.6376684091229 0.018522439092223744
1197.0938957771214 0.018522439128919956
1198.5590451721218 0.018522439097871483
1200.0273096161254 0.018522439142518672
1201.4965246911233 0.018522439110883946
1202.9585981661221 0.01852243912098412
1204.4295909281209 0.018522439096087032
1205.8712042071202 0.018522439095963329
1207.3202844621192 0.018522439106299426
1208.7802199511207 0.018522439109931125
1210.2292289451216 0.018522439094446883
1211.6927302811237 0.01852243909485091
1213.1426920631202 0.01852243909324711
1214.6037669091238 0.0185224391022242
1216.0535651661266 0.01852243909951792
1217.5147514381315 0.018522439094581143
1218.9661857431347 0.018522439093740174
1220.4270047581304 0.018522439102836543
1221.8799877521305 0.018522439118078278
1223.3198144891358 0.018522439092633871
1224.7730770871349 0.018522439093427576
1226.2134721351395 0.01852243909683618
1227.6673669461379 0.018522439109645222
1229.1152719021411 0.018522439094322836
1230.5678813471386 0.018522439093503953
1232.0449859521395 0.018522439101014643
1233.5028300651393 0.018522439094077216
1234.9942106431408 0.018522439092915177
1236.484383881143 0.018522439093004529
1237.9291215771445 0.018522439117774216
1239.3870372641395 0.018522439110488589
1240.8334283511431 0.018522439095496408
1242.8979902091451 0.018522439099068387
1244.3546360571418 0.018522439101394637
1245.8202371741427 0.018522439098815773
1247.2773635091435 0.018522439093440739
1248.7435903691439 0.01852243909401332
1250.2022249971415 0.018522439107203519
1251.6835102901387 0.018522439103887862
1253.1439245781366 0.018522439100495877
1254.6139883021315 0.018522439094298158
1256.0767070761358 0.01852243909296054
1257.5515732951317 0.018522439096593932
1259.0137886601369 0.018522439108764048
1260.4881281721318 0.0185224391017948
1261.9296057571337 0.018522439092038479
1263.3799571551353 0.018522439092220865
1264.8491233091336 0.018522439112849679
1266.3154141831401 0.018522439092272008
1267.790188377141 0.018522439115535232
1269.2548027891389 0.018522439101357899
1270.7005519771337 0.018522439094061979
1272.182551831138 0.018522439096600174
1273.6486585131352 0.018522439093188972
1275.1068815791295 0.0185224390921108
1276.5708594791286 0.01852243909253876
1278.0474174191331 0.018522439091864705
1279.5178578301347 0.018522439096469012
1280.9832378101346 0.018522439093033676
1282.4331961041389 0.018522439093022803
1283.8950614471323 0.018522439091767897
1285.346314290131 0.01852243910216805
1286.8293593021299 0.018522439091794452
1288.2783542931284 0.018522439117369775
1289.768388755132 0.018522439095162341
1291.503828285131 0.01852243909208539
1292.9578583351322 0.018522439092165284
1294.4191468241261 0.018522439091885567
1295.8802365361262 0.018522439092038566
1297.3477958851217 0.018522439091944426
1298.8107575551257 0.018522439093117241
1300.2677811231188 0.018522439102293869
1301.7268406021176 0.018522439095783674
1303.2629209871229 0.018522439092232099
1304.9649334151254 0.018522439097882835
1306.5518829531284 0.018522439092853581
1308.5202534971322 0.018522439103404967
1310.224326730131 0.018522439092206702
1311.788615889127 0.018522439094874096
1313.3036380671256 0.018522439109344261
1314.8762213311275 0.018522439104788888
1316.4643262681275 0.018522439097828851
1318.0478761961276 0.018522439091904198
1319.5710541131339 0.018522439092854316
1321.189552955133 0.018522439092031159
1322.689597649136 0.018522439094211203
1324.2157626091357 0.018522439100834953
1325.7199779911316 0.018522439091800479
1327.2601329871322 0.018522439096140146
1328.8051317891295 0.018522439091802619
1330.3445867141272 0.018522439092164267
1331.8200975011277 0.018522439093428371
1333.2876569911241 0.018522439095527268
1334.7562238001265 0.018522439101058566
1336.2394061241212 0.018522439091718964
1337.7127063151202 0.018522439102656569
1339.2411047011265 0.018522439092476684
1340.7291365541241 0.018522439092990697
1342.2191032061237 0.018522439095130683
1343.7207106281276 0.018522439091941845
1345.2234035371221 0.018522439095020278
1346.720509077124 0.018522439093216533
1348.231241883128 0.018522439093469709
1349.7575316611255 0.018522439095402032
1351.2521701931255 0.018522439093034908
1352.7227515451304 0.018522439101051825
1354.1964301181288 0.018522439093327799
1355.6641265301296 0.018522439092363178
1357.1258236081339 0.018522439092046834
1358.5961321711366 0.018522439097585486
1360.0557186271399 0.018522439091932217
1361.5051997981427 0.01852243909229237
1362.9686567981407 0.018522439092932143
1364.4200893961388 0.018522439092838607
1365.8837146831429 0.018522439091714651
1367.3553814841434 0.018522439092230138
1368.8219867401422 0.018522439093193867
1370.297551602147 0.018522439093810787
1371.7664534361465 0.018522439092765276
1373.2270552531481 0.018522439096206631
1374.6985286461495 0.018522439091687798
1376.1639173331496 0.018522439092070454
1377.6372773171533 0.018522439091731659
1379.1063237571507 0.018522439092720253
1380.6061208271494 0.018522439095541091
1382.0787673551458 0.018522439092160552
1383.5604287141468 0.018522439093632971
1385.0239124441432 0.018522439094829955
1386.4794184991479 0.018522439094649266
1387.9266925891425 0.01852243909366497
1389.3876925171426 0.018522439094879026
1390.8402811121414 0.018522439092145949
1392.2830410471433 0.018522439091771741
1393.7399746941446 0.018522439091737581
1395.1874274131405 0.018522439091917323
1396.6505463001376 0.018522439091705187
1398.1029682891385 0.018522439091968688
1399.5440494411378 0.018522439094618159
1401.0014294201392 0.018522439091815755
1402.4483567481366 0.018522439092330617
1403.910836918134 0.018522439091695715
1405.3621542051333 0.018522439091832054
1406.810083056138 0.018522439092940764
1408.2648604811402 0.018522439091828338
1409.7096672481421 0.018522439091775519
1411.1691791311387 0.0185224390934896
1412.6178064711421 0.018522439091913832
1414.0789599431446 0.018522439092719698
1415.5348095031513 0.018522439095688941
1417.0010245731537 0.01852243909168616
1418.459993310149 0.01852243909183823
1419.9097315281542 0.018522439092196724
1421.3723393521577 0.018522439092420753
1422.8269345221561 0.018522439091836193
1424.2931471621559 0.018522439092542236
1425.7524170901524 0.018522439091967366
1427.2161724681573 0.018522439092332355
1428.6794948091556 0.018522439092071581
1430.1358310541546 0.018522439091879412
1431.6049192601495 0.018522439091742345
1433.0675601951516 0.01852243909438896
1435.2093826211494 0.018522439091868136
1436.6748426101476 0.018522439092755805
1438.135976173151 0.018522439091717888
1439.5882498091451 0.018522439091670031
1441.0532113641457 0.018522439092012486
1442.5094775201433 0.018522439091656146
1443.9516254761475 0.018522439091666017
1445.4070445061516 0.018522439091822052
1446.8491804491496 0.018522439091730198
1448.3060987011559 0.018522439091709066
1449.7845610681543 0.018522439092204603
1451.2424840461535 0.018522439091864913
1452.6871742871517 0.018522439092467768
1454.1470734131508 0.01852243909164893
1455.5929659651447 0.018522439091730781
1457.056548950146 0.018522439091739663
1458.5044106411442 0.01852243909213272
1459.9653622171463 0.01852243909207725
1461.4118931891499 0.018522439091805929
1462.8711597171496 0.018522439093643064
1464.3180220601498 0.018522439092615414
1465.7774135511499 0.018522439091809263
1467.2251464321525 0.018522439092736438
1469.3462046371569 0.018522439092211948
1470.804722462155 0.018522439091673372
1472.255911910157 0.01852243909168572
1473.7148267621524 0.018522439091664025
1475.1657709861465 0.018522439091718267
1476.6263819571468 0.018522439092104551
1478.0776996381464 0.018522439091887031
1479.5394201791496 0.018522439091705815
1480.9917478261486 0.018522439092153769
1482.454937795148 0.018522439091654391
1483.910183422151 0.018522439094004431
1485.3749311181455 0.018522439091829521
1486.8311308231423 0.018522439091651157
1488.2979850211414 0.018522439091656923
1489.7550796571377 0.018522439091669507
1491.2221134621359 0.018522439092054553
1492.6625137951414 0.018522439091653065
1494.1063898821449 0.018522439091687121
1495.5622644361501 0.018522439091891517
1497.0079219831459 0.018522439091683926
1498.4676089811474 0.018522439091756163
1499.9142315961435 0.01852243909181121
1501.3764581791474 0.018522439091709947
1502.8238094441476 0.018522439091889619
1504.2853982451416 0.018522439092230145
1505.73399943814 0.018522439091866891
1507.195968071137 0.018522439091665593
1508.6451929011382 0.018522439092487172
1510.1063739081364 0.018522439091749769
1511.5570155551395 0.01852243909206933
1512.9936197601346 0.018522439091833365
1514.4449441521356 0.018522439091719804
1515.8848143321302 0.018522439091753759
1517.3340040611292 0.01852243909166168
1518.8080872261344 0.018522439091658235
1520.3247519781362 0.018522439092182093
1521.7660518101402 0.018522439092034902
1523.2281529531392 0.018522439091664667
1524.6674118651354 0.018522439091776106
1526.1393975031388 0.018522439091848066
1527.5837659551398 0.01852243909165522
1529.0357643871394 0.018522439091657236
1530.4765018951366 0.018522439091709045
1531.9496307891313 0.018522439091739836
1533.3927903281292 0.018522439091703258
1534.8496497571323 0.018522439091668116
1536.3066548671341 0.018522439092169628
1537.7780025501343 0.018522439091647153
1539.2379750511318 0.018522439091713406
1540.7092308831343 0.018522439091778427
1542.1817779361372 0.01852243909169551
1543.6526307611421 0.018522439091670541
1545.2046327091375 0.018522439091650737
1546.6616526081343 0.018522439091651161
1548.1044918751359 0.018522439091650408
1549.5876370551341 0.018522439091665264
1551.0263051381335 0.018522439091645641
1552.4777165071282 0.018522439091734032
1553.9521462431294 0.018522439091702758
1555.4096217671249 0.018522439091919397
1556.8715941271221 0.018522439091713916
1558.3232742841283 0.018522439091726507
1559.7783486081316 0.018522439091650359
1561.2577221111351 0.018522439091729969
1562.7064377281422 0.018522439091690032
1564.1424981881428 0.018522439091711401
1565.5977822251443 0.018522439091670079
1567.0284421551405 0.018522439091645106
1568.4775562631403 0.018522439091921077
1569.9335692121385 0.018522439091670558
1571.382881939142 0.01852243909170016
1572.8156388641437 0.018522439091657353
1574.2808147611504 0.018522439091660917
1575.9125198111506 0.018522439091665066
1577.3897128561512 0.018522439091658766
1578.8358343491564 0.018522439091742879
1580.2916766861526 0.018522439091678122
1581.7413779781491 0.018522439091656268
1583.2028936601491 0.018522439091654044
1584.6478498901488 0.018522439091654644
1586.1059010381432 0.018522439091654609
1587.5609514031385 0.018522439091655934
1589.0425515361421 0.018522439092031658
1591.0873305211426 0.018522439091672446
1592.5507800171399 0.018522439091641547
1594.0192873411434 0.018522439092434107
1595.4794735481482 0.018522439091908184
1596.9627300841457 0.018522439091653551
1598.4248205341428 0.018522439091694824
1599.8949817761459 0.018522439091798779
1601.363743374146 0.018522439091792766
1602.8285874891517 0.018522439091739819
1604.2961486151544 0.018522439091663893
1605.7607189021583 0.018522439091668088
1607.2277667731614 0.018522439091656288
1608.729428964165 0.0185224390916407
1610.2106363841667 0.018522439091671103
1611.6642490581653 0.018522439091657964
1613.11377219516 0.018522439091672407
1614.5712675211616 0.018522439091647396
1616.0181226311615 0.018522439091956
1617.4817879641632 0.018522439091768483
1618.9644788311634 0.018522439091677983
1620.4380995051615 0.018522439091647695
1621.8901175331557 0.018522439091723727
1623.3848248411596 0.018522439091817958
1624.8385340681562 0.018522439091645696
1626.2867402491538 0.018522439091641321
1627.7768317671507 0.018522439091642529
1629.2649774131496 0.018522439091697322
1631.1294350651515 0.018522439091715765
1632.5878879911543 0.018522439091682687
1634.0667917111568 0.018522439091682639
1635.5238998151544 0.018522439091643618
1637.0098191791549 0.018522439091773979
1638.4723161311485 0.018522439091668289
