time obj
15.979763673996786 0.046939317234389821
32.116657417995157 0.045820516667947474
45.792103774991119 0.039321444719971475
59.412282303994289 0.036554323055677559
72.859978473003139 0.034636951527899362
86.176806561008561 0.033310622957535334
99.421878026012564 0.03232822764780327
112.63541663301294 0.031568068282589609
125.84813447701163 0.030960512777894054
139.06716356301331 0.030462194071971378
152.24374421501125 0.030044438369247372
165.48244552699907 0.029687277532867463
178.75664279599732 0.029375578368696052
192.05755764299829 0.029100868281246531
205.39540710599977 0.028855357656868547
218.77774530700117 0.028633000098888795
232.1697037910053 0.028430664772998729
245.619821581 0.028245238642243851
259.09594583899889 0.028074385155574519
272.60079430599581 0.027916402715728823
286.13938963899272 0.027769538576156973
299.71999124498689 0.027632061422139996
313.28646547699464 0.027503283071910939
326.88641204299347 0.027381812501547975
340.49989055599144 0.027266927790287578
354.12947060998704 0.027157821310851111
367.79459207197942 0.027054054724339999
381.47388284998306 0.026955325388448262
395.12500960598118 0.026860983881879151
408.82330303399067 0.026770677844199467
422.54428703400481 0.026684081939368515
436.25950641000236 0.026600815686088981
450.00175380900328 0.026520670711733078
463.74255236699537 0.026443767185190804
477.43732977699256 0.026369413217252204
491.19585376798932 0.026297637138107798
504.94351410999661 0.026228235487696927
518.67968298000051 0.026160917011409216
532.42456958901312 0.026095543327940958
546.15433078400383 0.026032056074801951
559.79661150099128 0.025970368394186448
573.49633454799186 0.0259104756378058
587.1990080550022 0.025852180128884586
600.89411299100902 0.025795392003309887
614.58839468000224 0.025740118725354678
628.26515767299861 0.025686103250946168
641.87731331499526 0.02563339589441729
655.51233347998641 0.025582155289302803
669.13670249198913 0.025532146239830796
682.78233629999158 0.025483161057741094
696.41622136399383 0.025435351707918892
710.01075823199062 0.025388708561708412
723.56855016398185 0.025343164086673885
737.16029758498189 0.025298720298831182
750.7305121319805 0.025255464887966927
764.316111772976 0.025213277722923005
777.88405189797049 0.025171882017694627
791.39440343096794 0.025131366380758823
804.9220913729805 0.025091612843535584
818.44107039697701 0.025052600937191832
831.95659840498411 0.025014222104758527
845.45999665898853 0.024976556389316822
858.95020502198895 0.024939556535175121
872.33488444899558 0.024903276256714856
885.79401203300222 0.024867600154298352
899.22312670300016 0.024832598643694751
912.64674090599874 0.024798230639580313
926.08667896800034 0.024764474029904601
939.50607742198918 0.024731235518309191
952.81391055298445 0.02469856526459684
966.18305075197713 0.024666511887239031
979.52589984796941 0.024634912648504141
992.86679704996641 0.024603954128734347
1006.1899094869586 0.02457344850146052
1019.4993633809645 0.024543378638670142
1032.7253912999586 0.024513775219155366
1045.9938695389719 0.024484629504708869
1059.2573151339748 0.024455912746138387
1072.517424532969 0.02442757229830558
1085.7667741189653 0.02439966010590465
1098.9796603399591 0.024372211847893389
1112.123471830957 0.024345108373396727
1125.3063217689632 0.024318330195339001
1138.4617823919543 0.024291963998995095
1151.6023397759564 0.024266049298614614
1164.7288574059639 0.024240416142018405
1177.7719815669698 0.024215112460076772
1190.8059168669715 0.024190159208459551
1203.860192587963 0.024165639675730325
1216.8927330019651 0.024141487089294315
1229.9411875259684 0.024117640799749353
1242.9778517939703 0.024094126172486942
1255.9111706219701 0.024070898275824513
1268.8934360429703 0.024048001697651655
1281.8504967159679 0.024025412030814014
1294.79996088997 0.024003080657760651
1307.7685873439768 0.023981002004277666
1320.7242960539734 0.023959193642189375
1333.5815738039673 0.023937719379613497
1346.5022066969686 0.023916496231009783
1359.4030389499676 0.023895506331195932
1372.3135386189679 0.023874735275323855
1385.2256322179601 0.023854172768903163
1398.1115318159573 0.023833808065377271
1410.8992388609477 0.023813620163894614
1424.1845234829525 0.023793659354344052
1437.1661091619462 0.023773888314106567
1450.1308335909416 0.023754352418316773
1463.0372129059397 0.023735026808480619
1475.8845239689399 0.023715937429759044
1488.6474999819329 0.023697160167943911
1501.4772209269431 0.02367859054831933
1514.2790825999546 0.023660257884185572
1527.0834414399578 0.023642108764788509
1539.8769573389582 0.023624109920890951
1552.5868875579472 0.023606342470029421
1565.2661320209445 0.023588743902730896
1578.0045474699436 0.023571319903574424
1590.7191123729426 0.023554102498081805
1603.4406800769502 0.023537058162960981
1616.130420456946 0.023520219065819407
1628.7188770489447 0.023503551520692518
1641.3413644189568 0.02348707041079795
1653.9869349879591 0.023470760495607545
1666.6361929929553 0.023454562376379683
1679.2848327189567 0.02343848312764291
1691.9242756989697 0.02342251592478866
1704.4573992669757 0.023406682156990634
1717.0406075369683 0.023390996493327629
1729.6276198339619 0.023375443206484922
1742.2130321199656 0.023360056706433745
1754.7843527029618 0.023344833620662801
1767.3243972859636 0.023329786337175699
1779.781290674975 0.023314873758072011
1792.3160761729814 0.023300087030185108
1804.8327039019787 0.023285435409958009
1817.3539516489836 0.023270889812212748
1829.8554410279758 0.023256477881137421
1842.3215569869644 0.023242214212145958
1854.6960961779696 0.02322812999407483
1867.1590900689771 0.023214150989094656
1879.6095208219776 0.023200266289118372
1892.0681230089831 0.023186499036027871
1904.5182788809761 0.023172859575528903
1916.875947183973 0.023159333489528998
1929.2291133639665 0.02314590100591633
1941.6490476709587 0.023132614983586503
1954.0648371439602 0.023119423041170449
1966.4667438549513 0.02310629874684144
1978.8612503579643 0.023093250339866332
1991.1637506639672 0.023080288370938687
2003.4836239679571 0.023067436727655155
2015.8486203809589 0.0230547033354556
2028.2225529019634 0.023042056745983922
2040.5917460529599 0.023029500840860629
2052.9442553569534 0.023017058929618518
2065.2078371339594 0.023004743355614761
2077.5068177749636 0.022992534014907969
2089.8405677569681 0.022980374052720003
2102.1756997279736 0.022968277404244758
2114.5247439349623 0.022956260730099768
2126.8403148959624 0.022944315731472761
2139.0856267609634 0.022932444165651249
2151.3900713859621 0.022920651186028384
2163.6832507639483 0.022908950470260599
2175.9639912999555 0.022897350974717779
2188.2386045499588 0.022885848028104321
2200.4662773939635 0.022874403802277218
2212.6395790549577 0.022863034614431704
2224.8986818699632 0.02285174660025726
2237.1483319629624 0.022840546816905793
2249.4109536819597 0.022829437969548894
2261.6811005569616 0.022818410784271704
2273.8346997059562 0.022807490718698625
2285.9827804439556 0.022796646269582145
2298.1925123679539 0.022785887578581986
2310.3994115519454 0.022775188819764931
2322.6178431749431 0.022764547499506273
2334.8076799919363 0.022753974685078851
2346.9210335929383 0.022743461238675999
2359.0395514349366 0.022733005401214965
2371.1972096539394 0.022722599482170643
2383.3526211029384 0.022712248902659164
2395.5127401669452 0.022701949019949239
2407.6364387039357 0.022691721737944748
2419.699024405927 0.022681578956578383
2431.8104764909222 0.022671508909891704
2443.9391308009217 0.022661487739017525
2456.0796836459194 0.022651552994589246
2468.2066030919232 0.022641738331032904
2480.2199136769341 0.022632002625706665
2492.2360284489259 0.022622304700266847
2504.3371818629239 0.022612657560979542
2516.4114130619273 0.022603077349868623
2528.4875484589284 0.022593563899588064
2540.543700880924 0.022584107443566769
2552.5110074849363 0.022574707460348287
2564.4788176949369 0.02256533754374996
2576.5152080549306 0.0225560167015726
2588.5680699389341 0.022546747238130892
2600.614549434933 0.022537527740750928
2612.6383304269402 0.022528367859830194
2624.5801043129468 0.022519248746189442
2636.5325917389418 0.022510188444583641
2648.550618329944 0.022501176222068913
2660.5737389469432 0.022492230406096755
2672.5907886789355 0.022483329062082939
2684.5261370299268 0.022474487959199846
2696.4204630529275 0.022465685990058212
2708.3550732769363 0.022456916803355837
2720.3310844539374 0.02244818864474055
2732.3040029709373 0.022439521841132126
2744.2714803739364 0.022430914271191975
2756.1204112079286 0.022422347919051584
2767.9582979539264 0.022413817358759452
2779.869963378922 0.022405330462883982
2791.7740155819192 0.022396897713595661
2803.6845748429187 0.022388522411164784
2815.5720929349191 0.022380198213912014
2827.3856958569086 0.022371919488641801
2839.1979553809069 0.022363673803023801
2851.0718149949098 0.02235546149388648
2862.959889696911 0.022347286289762014
2874.845517139911 0.0223391492443311
2886.6744780569134 0.022331063334736431
2898.454124598924 0.022323014271340359
2910.2558568809181 0.022314999306556282
2922.1029811649205 0.022307024761834375
2933.9577954639099 0.022299080835975617
2945.8092672469211 0.022291169538799668
2957.5605200639111 0.022283297731502571
2969.3078003739211 0.022275485352097949
2981.0952482839202 0.022267721485183422
2992.9196756929159 0.022259986449611573
3004.7449854559236 0.022252292889594363
3016.5348932639317 0.022244648770631509
3028.2511733059364 0.022237030475946294
3039.9602708409366 0.022229448272051654
3051.7291772869357 0.022221910936855351
3063.5174309889408 0.022214405558896047
3075.3086860679323 0.022206960941937491
3087.028395430927 0.022199560874236694
3098.7167210989282 0.022192210902247191
3110.4085050769354 0.022184914877503389
3122.1693508969329 0.022177644630501404
3133.9291315059381 0.022170408995339338
3145.6858569759352 0.022163207542719315
3157.3501351969462 0.022156030247546712
3169.007104063945 0.022148877757053109
3180.7007615419425 0.022141769577766746
3192.4364580809488 0.022134707262656927
3204.1678318879567 0.022127683004509877
3215.8496377459524 0.022120712300569254
3227.4740982349613 0.022113780009195037
3239.0995347729622 0.022106874968400074
3250.8065416919562 0.022100009310225759
3262.5104082089674 0.022093180045008754
3274.2161767329671 0.022086369883237089
3285.8463187539746 0.022079577974124406
3297.4490533319768 0.022072801265137599
3309.0529388499854 0.022066055746926574
3320.7371137839946 0.022059335322066068
3332.4171103039989 0.022052653875733356
3344.0783622239978 0.02204600779786248
3355.641967463991 0.0220393892135647
3367.2026224860019 0.022032791258141889
3378.820773326006 0.022026240494872833
3390.4778274560085 0.022019719118538592
3402.1242521530221 0.022013221682882268
3413.7094185500173 0.022006762685849512
3425.2461419530155 0.022000346051904561
3436.7820226990152 0.021993960119741252
3448.4009305170184 0.021987593875254816
3460.0274071160238 0.021981256815976943
3471.6524783240166 0.021974952753333894
3483.1792429270135 0.021968703853381649
3494.6887531270186 0.02196249634793471
3506.2250093550247 0.021956313789347502
3517.8239532050357 0.021950152434120868
3529.430238290035 0.021944016454514732
3540.9781342020287 0.021937909404540969
3552.4621687650215 0.021931824443436193
3563.9375979040342 0.021925753582196221
3575.4819273170287 0.021919712849902479
3587.0394793900341 0.021913695659446609
3598.5894375980424 0.021907700090911079
3610.0423649220465 0.02190172537264377
3621.4931429300486 0.021895767403077054
3632.950512807045 0.021889838909101685
3644.4970279430563 0.021883935302869889
3656.0271829740523 0.021878067694003158
3667.5385709560651 0.021872224633881502
3678.975617919059 0.02186640072914298
3690.4062048540654 0.021860595503568652
3701.8800292620581 0.021854815107310077
3713.3988942060678 0.021849049293014407
3724.9231231800659 0.021843296382423001
3736.344266943066 0.021837568099316574
3747.7614143880637 0.021831857182244233
3759.1811091160635 0.021826169861005957
3770.6810042020661 0.021820493401805113
3782.1931298730633 0.021814838650283892
3793.6719975180604 0.021809229338568704
3805.070286456059 0.021803651711531254
3816.4641533110553 0.021798098741449987
3827.8909524730552 0.021792579852855182
3839.375032171054 0.021787072661961109
3850.8692338910478 0.021781580163324283
3862.2560883880506 0.021776112158581332
3873.6379262470582 0.021770677303985769
3885.0177481970604 0.021765259291179638
3896.4723703870695 0.021759871252631614
3907.932783904078 0.021754505753835317
3919.36572410808 0.021749157610349054
3930.7220365870744 0.021743823378967707
3942.0798563960852 0.021738510729696559
3953.4558950660721 0.021733216455400883
3964.8948409010773 0.021727935266786267
3976.3287065230834 0.021722682334828138
3987.6812780920882 0.021717446491272996
3999.0095006770862 0.021712230367780045
4010.3237647310889 0.021707027198833495
4021.7219216970843 0.021701838067792713
4033.1250688500877 0.021696666702879175
4044.5203342450986 0.021691510028859218
4055.8349548420956 0.021686360108542153
4067.1466805470845 0.02168123317901403
4078.4684224290831 0.021676122494056971
4089.8625440030883 0.021671032992749657
4101.2684620480868 0.021665956449440634
4112.5703220860887 0.021660896662569939
4123.8649082600896 0.021655853417990749
4135.1507200490887 0.021650836257847673
4146.5199395410891 0.021645845216144214
4157.8965857370931 0.021640873140494569
4169.2458918450866 0.021635926164675592
4180.5144042140892 0.021631001197085341
4191.7812439150875 0.021626089117886004
4203.0552818860742 0.021621194358439105
4214.4032715570647 0.021616321224621288
4225.7636868830596 0.021611467785286338
4237.0151646050654 0.021606633250012764
4248.2663898790634 0.021601817835644747
4259.5155777990585 0.021597013984699102
4270.8456446300552 0.021592221624677485
4282.1910932580504 0.021587449217286666
4293.4937599890545 0.021582688726894953
4304.7294978640421 0.021577936371450664
4315.9562549500552 0.021573202005617662
4327.1962723010511 0.021568484727120925
4338.5099210990447 0.02156378737104106
4349.8241938680439 0.021559122017246288
4361.0303413900401 0.021554475470306554
4372.230962065034 0.021549842468592605
4383.4325355070323 0.021545232241793728
4394.7100764290371 0.021540637049738662
4406.0042425340362 0.021536050448749254
4417.2599906650285 0.021531476020389396
4428.4483051550196 0.021526921308505222
4439.6356250650133 0.021522385448560839
4450.843895981001 0.021517874818022243
4462.1194329239952 0.02151337314599381
4473.4037686049851 0.021508880984447299
4484.5765839049855 0.021504406062851606
4495.750142859979 0.021499938820838272
4506.9235648689792 0.021495481360375032
4518.1883535069792 0.021491037102345723
4529.473671906977 0.021486615222587161
4540.6630160649802 0.021482204574993204
4551.8332456639764 0.021477806140495579
4563.0055398539698 0.021473414774327293
4574.2150011989725 0.021469032064714854
4585.4833763289789 0.021464667178415664
4596.7164894539746 0.021460322779763674
4607.8669347649702 0.021455999025803068
4619.0136260779691 0.021451686707305372
4630.1606671209738 0.021447393041776178
4641.4014266839804 0.021443114612491647
4652.6485233839776 0.021438853941442532
4663.7887262229779 0.021434614821825491
4674.9291279939789 0.02143038677063791
4686.0669061049848 0.021426164059698473
4697.2563316829765 0.021421954858554828
4708.4798273679771 0.021417769207232505
4719.6611224649823 0.021413596919295869
4730.7895897329727 0.021409434598353743
4741.9158303279837 0.021405280195757121
4753.0491507699771 0.02140113547393967
4764.2743482559745 0.021397001684711137
4775.4760360299697 0.021392880180031725
4786.5841145509621 0.021388781833984974
4797.6897598579526 0.021384697051721961
4808.7934355429461 0.021380630592579237
4819.9933795789402 0.021376578396002707
4831.181778167942 0.021372541706208812
4842.2697932909359 0.021368515662840749
4853.3508589499397 0.02136449614542265
4864.4308864969353 0.021360493479473084
4875.556591661938 0.021356501053507875
4886.7485943559441 0.021352513828655013
4897.8648991199443 0.021348537745439967
4908.942240861943 0.021344570598590989
4920.0150000299473 0.021340623869106731
4931.0960740159499 0.021336688273366794
4942.2677013009525 0.021332765354365499
4953.4072875579586 0.021328868003982895
4964.4671572729712 0.021324981810635045
4975.5233364889718 0.021321101257306699
4986.5771057559759 0.021317233582658038
4997.7272855779738 0.021313373665137855
5008.884465036972 0.021309519529197702
5019.93011066498 0.021305681061515164
5030.9698367419769 0.021301850383613544
5042.0049644049868 0.021298034842440097
5053.0750266449759 0.021294237995169746
5064.2066597109661 0.021290455636087748
5075.2527285999677 0.021286680636391598
5086.2669594199688 0.021282922923623795
5097.2809073019744 0.021279185718403069
5108.3039832969807 0.021275459377734986
5119.4241768269858 0.021271744083764126
5130.5061820209812 0.02126804353334397
5141.5180493109801 0.021264358518591226
5152.5274316779687 0.021260683188780469
5163.5393294479582 0.021257021025081264
5174.6440977159509 0.021253365263305967
5185.7494020179438 0.021249721684190339
5196.753038797935 0.02124609588907371
5207.7568742419244 0.02124247652728431
5218.7574466729275 0.02123886528772282
5229.8121440969262 0.021235272094428555
5240.9008585289121 0.021231689679170777
5251.8828431859147 0.021228117971762689
5262.8602719039191 0.021224556951255857
5273.837715543923 0.021221004349891
5284.8360661689221 0.021217460660614373
5295.9202961459232 0.02121393048934091
5306.9130129809346 0.021210409810328196
5317.8833829769283 0.021206897481046396
5328.8478487629327 0.0212033972792483
5339.8120040849317 0.021199903046648799
5350.872736101941 0.021196414417981844
5361.8971351269429 0.021192932996753733
5372.8528786749375 0.021189462535376787
5383.8010603969451 0.021186004372094433
5394.7451155929448 0.021182551574705989
5405.7676549299504 0.021179106618360963
5416.8021960409533 0.021175678150786241
5427.7272641409654 0.021172268888889765
5438.6533902569645 0.021168862782128418
5449.5755736209685 0.021165460515791865
5460.5321985749615 0.021162066273228104
5471.5559699419537 0.021158677900974455
5482.4881250839535 0.021155300954307062
5493.4105073219544 0.021151942375146553
5504.3291310799541 0.021148594009028153
5515.2505831279559 0.021145265372706321
5526.2706359959557 0.021141946126640169
5537.193653123948 0.021138640603911522
5548.0897820179525 0.021135355680473044
5558.986132417951 0.021132084114375178
5569.8805465109472 0.021128817829498117
5580.8790680939419 0.021125557830972995
5591.8186358299427 0.021122308729603176
5602.7068075239513 0.021119069707000216
5613.5939762159542 0.021115836429968698
5624.4812873439514 0.021112609437481788
5635.4434332499513 0.021109387278230467
5646.4043935219524 0.02110617144043838
5657.2827717629407 0.021102969146501793
5668.1532783009461 0.021099781035291372
5679.023183157944 0.021096603862426368
5689.9286512919498 0.021093432541785015
5700.8852867709502 0.021090273841813209
5711.7500913709518 0.021087129916060442
5722.6129989919573 0.021083989543733746
5733.4739473099617 0.021080852900761841
5744.3467223009648 0.021077721797568262
5755.3206329739769 0.021074596511263293
5766.1767803969706 0.021071480949720625
5777.0328482369659 0.021068377552440037
5787.8863867829641 0.021065283497734656
5798.739355217971 0.021062194150093153
5809.7000208049722 0.021059111259119266
5820.5700904289843 0.021056043884897808
5831.4214944089763 0.021052993775973826
5842.2746000289771 0.02104995050348351
5853.1262980719766 0.021046914126093608
5864.0732680429792 0.021043887062584893
5874.9595475039823 0.021040867555369391
5885.8029662809859 0.02103785510670695
5896.6429574089852 0.021034849812276119
5907.4807209399878 0.021031856421024453
5918.3827672029875 0.021028867926947963
5929.2830439289974 0.021025886766331183
5940.1132103980053 0.021022910571566421
5950.9428210369952 0.021019943606220663
5961.7693329780013 0.021016983628466466
5972.6344584400067 0.021014041407156066
5983.537650126018 0.021011105834828719
5994.3573862090125 0.021008177709429695
6005.1733773280139 0.021005254848198127
6015.987853633007 0.021002336138712389
6026.826202753 0.020999424669611806
6037.7233622290078 0.020996521398501132
6048.5985472710163 0.020993623966405663
6059.4064868230198 0.020990740245423769
6070.2522639230156 0.020987863994859839
6081.172440053022 0.020984990880596636
6093.5679457680235 0.020982123547456488
6106.212581254018 0.020979265127816737
6118.2992719340109 0.020976416379340477
6130.7132057000126 0.020973574983338905
6143.6245697940176 0.020970738814776475
6155.9518252320267 0.020967909241207842
6167.9696137580322 0.0209650915171063
6180.1088974200247 0.020962279617985118
6192.0334312970226 0.020959472399750073
6204.1665476080234 0.02095666799088754
6216.1806205500179 0.020953866110728345
6227.9171158550162 0.020951071262099118
6240.1261172180239 0.020948285625865811
6252.293016605021 0.020945505192898627
6264.6213429860218 0.020942734572360844
6276.4186842510244 0.020939977609071372
6288.1671826200181 0.020937227894388236
6300.172460427013 0.020934494495412601
6312.025485302016 0.02093176442251897
6323.5678409540269 0.020929036408894184
6335.0596085520228 0.020926312146023796
6346.9856829960336 0.020923592744723076
6359.1101444950327 0.020920875365036874
6371.3173209290399 0.020918162500552312
6383.1138114070491 0.020915455703148303
6395.0914867860556 0.020912754851261477
6407.336919649053 0.020910055968970026
6419.2371809380566 0.020907359123362109
6431.1155868310598 0.02090466619658134
6442.8919450720568 0.020901978074657247
6455.005302204052 0.020899297077482986
6466.7966854990518 0.020896625298241937
6479.0848503840534 0.020893966707454008
6491.1221012180613 0.020891313301383416
6503.3711866330705 0.020888664119280458
6515.6898926960712 0.020886020068747811
6528.576725947074 0.020883387505250251
6540.9967140810622 0.020880762852699034
6553.5287134910614 0.020878146330857824
6566.3717975440522 0.020875535367802039
6578.1801375710493 0.02087293075659389
6590.247060282054 0.020870329790914417
6601.9861256630538 0.020867731134945357
6614.0935494420555 0.020865137480222694
6626.0200546400592 0.020862549070947749
6638.3430896950595 0.020859963597936099
6650.1563509030675 0.020857380818128747
6662.3315104930662 0.020854802998836578
6674.0114067340619 0.020852230803630561
6685.8488982360577 0.020849664220182862
6697.9078330570628 0.020847103016091485
6709.9533746280649 0.020844546800867055
6722.0724495780742 0.020842000395133141
6733.9709683390683 0.020839460822287409
6745.7655880580569 0.020836925936744601
6757.4449166040577 0.020834400036804892
6769.410442270062 0.020831876902005709
6782.2000954080577 0.020829360001049319
6794.4476911810634 0.020826850952702005
6806.4199770560663 0.020824344635013061
6817.8915365210705 0.020821841827536429
6829.8191369760752 0.020819345296405861
6841.9317900510796 0.020816853158822708
6854.0542713150789 0.02081436665299095
6866.026294081079 0.020811888115295669
6877.9613333450834 0.020809413353419754
6890.288499513088 0.02080694144436086
6902.4535940370843 0.02080447236876222
6914.4371563850873 0.020802006957247089
6926.5750827550946 0.020799546367315538
6938.7816612251045 0.020797090392046302
6950.3958278961072 0.020794650973347178
6961.9678480670991 0.02079221801658114
6974.1665648320923 0.020789791479996256
6986.4667815471039 0.020787370035342374
6998.4454154041014 0.020784953966869534
7010.6360421331046 0.020782541788539912
7023.059030675111 0.020780135094481622
7035.2936070030992 0.020777731825597848
7047.2513272320939 0.020775331735055629
7058.8547417530935 0.020772934429527108
7070.8551884910994 0.020770546898985203
7082.6751958220993 0.020768162899221905
7094.1615630051092 0.020765787350365206
7105.9474311121012 0.020763415501118911
7117.7426070631045 0.020761046689845842
7129.5470979390957 0.020758686503943403
7141.554257237105 0.020756332249808974
7153.2056314461079 0.02075398605896055
7165.2857000251097 0.020751644071717906
7177.7533786411077 0.020749307312145658
7190.1545121781091 0.020746974024791403
7202.510020076108 0.020744646910679308
7214.5717637061025 0.020742321981487115
7226.8604240591085 0.020740001024931131
7239.5091776981135 0.020737684227997204
7251.7824546340998 0.020735374465369192
7264.0881587720942 0.020733075423467539
7276.325161726083 0.020730778440310838
7289.7979236740794 0.020728489592944793
7301.6436657190789 0.020726205356886327
7313.5932945280802 0.020723931276685609
7325.6803196260735 0.02072166039247831
7337.6377169190819 0.020719396359233706
7349.7906632330851 0.020717138221389549
7361.6721124050819 0.020714882995799617
7373.8705357500876 0.020712630136557039
7386.0535075980879 0.020710380507064436
7398.3571845160914 0.020708135467798646
7410.4227327030821 0.020705892594474799
7422.3955308860895 0.020703652377701828
7434.3801463070995 0.02070141730064275
7446.3299814911006 0.020699184634195251
7458.2939470621059 0.02069695783524186
7470.4127433441026 0.020694736636644617
7482.3695999021002 0.020692522032066948
7494.0312158740999 0.020690313119250871
7506.2490889811015 0.020688116860532246
7518.1027202661062 0.020685928975640665
7530.3907881031046 0.020683747742640358
7541.7999115151033 0.020681573714273788
7553.6033008951053 0.020679408144223088
7565.480377714106 0.020677250556756382
7577.8066287871188 0.020675094660464851
7589.6185177261214 0.020672943289696415
7601.6600500201166 0.02067079835857814
7613.5300194071169 0.020668657270101812
7625.5724398641178 0.020666517905993772
7637.2728575891088 0.020664380012951067
7648.8703751751164 0.020662245028216925
7661.0442904161173 0.020660114656513205
7672.9168687991187 0.020657990789599075
7685.421389563111 0.020655871436527615
7697.5247464161075 0.020653756905939222
7709.5493834931112 0.020651649954139858
7721.3421552541113 0.020649549666224207
7733.7783040321228 0.020647450819482386
7745.6813912621146 0.020645355613927271
7757.4863536291086 0.020643263938684157
7769.8566329671157 0.020641176086885381
7781.4229434131121 0.020639090022164623
7793.7772440051194 0.020637013830038024
7805.3284503381146 0.020634940168296634
7817.614622752124 0.020632868662017943
7829.4534800131223 0.020630801786049938
7841.4391626521247 0.020628741397509375
7853.3989136521268 0.020626686198939998
7864.8236466101371 0.020624638398001063
7876.5059701021382 0.020622595116373651
7888.4917243171367 0.020620554602784041
7900.5899775771395 0.020618517470271394
7912.461090687153 0.020616482200963293
7924.22962710516 0.020614449201682147
7935.9189725561737 0.020612418549455051
7948.3153895251744 0.020610395621433571
7959.8859314651781 0.020608375302369229
7971.7450336721813 0.020606357958227784
7983.7501903701777 0.020604344934198469
7995.6754578271648 0.020602339122688045
8007.7222074281599 0.020600336079600469
8019.4974695491546 0.020598336740582503
8030.9616754011658 0.02059634298412337
8042.8161484391603 0.020594356869697815
8054.9166123381583 0.020592373520975791
8066.3761959281546 0.020590391462864753
8077.7297480691486 0.020588410689896357
8089.341728703148 0.020586432773936045
8100.6899300191435 0.020584458772752626
8112.1683775291312 0.020582491421607979
8124.2797508171352 0.020580528629181541
8135.8906782031409 0.020578568287917182
8147.418058655152 0.020576611130367052
8158.8597367021575 0.020574656274574315
8170.2658311191481 0.020572704516364698
8181.6986877691525 0.020570756984894054
8193.0200552541501 0.020568815482818085
8204.3352249681629 0.020566880808921426
8215.7986811481678 0.020564953900290374
8227.1492479411681 0.020563030289351032
8238.5084556271613 0.020561111953499904
8249.8658047851641 0.02055919729413784
8261.2155699261639 0.020557286161024452
8272.8034348961664 0.020555378956922853
8285.3380727831682 0.020553477132009966
8297.3585433211701 0.02055158083921977
8309.3924828191666 0.02054968713444489
8320.9361709161749 0.020547799948715334
8332.7291907851759 0.0205459169905381
8344.9674547981849 0.020544035296679166
8356.7802835401817 0.020542155568092559
8368.7839572491794 0.02054028128666294
8380.8850089251791 0.020538412228030694
8392.7504311901721 0.020536544472180077
8404.4515285851667 0.020534678375232152
8415.9285152581724 0.020532814116112921
8427.4100952741719 0.020530954682536802
8438.7697337991704 0.020529096955154036
8450.6003223041625 0.020527243750013417
8462.3784998441552 0.020525392751153448
8474.0832124601584 0.020523546975858811
8485.497363292161 0.020521703724453937
8497.0688576751709 0.020519865473420849
8508.5272666561796 0.020518029169808657
8520.2260252581764 0.020516195410150078
8531.6711453361786 0.020514372315996007
8543.218655742181 0.020512552511399662
8554.7592980071786 0.020510741099860924
8566.1611382711708 0.020508935174233588
8578.1347112021758 0.020507131470424347
8589.7620615551714 0.020505336021489285
8601.1607473881741 0.020503545267107511
8612.7120665721741 0.020501758206990114
8624.1745640731679 0.020499972864503446
8635.6748080061661 0.02049818916955851
8647.1281904381758 0.020496407879372489
8658.4086052441708 0.020494628726098051
8669.7114718541707 0.020492852542458709
8681.2090626581776 0.020491077456333669
8692.5463888471713 0.020489303466601917
8703.8208801221772 0.020487530557464158
8715.1139515341783 0.0204857591956107
8726.364765912178 0.020483988978411517
8737.6336428261711 0.020482223100786307
8748.9684764661652 0.020480463455290605
8760.3345192681591 0.02047870740070807
8771.6818745131604 0.020476954109783865
8783.1566006061475 0.020475201862722038
8794.4657661221572 0.020473451085421149
8805.6591040891508 0.020471702214657311
8817.0879655121535 0.02046995659365642
8828.4796712941607 0.02046821439838617
8839.9474845651712 0.02046647644289841
8851.334960089167 0.02046474029770871
8862.6170264471584 0.020463005554428544
8874.0976744331565 0.020461272106540824
8885.4846772901656 0.020459539661930676
8896.738490556163 0.020457809274618915
8908.1896678561607 0.020456082858047762
8919.5036790101585 0.020454357427663074
8930.819935513151 0.020452636474609504
8942.0967709141551 0.020450917967115335
8953.3853995621612 0.020449203741568396
8964.6437109251565 0.020447491759940845
8975.9704410831619 0.020445782868575048
8987.3639187201479 0.02044407494185661
8998.7215250331501 0.020442371106195033
9010.187920145152 0.020440670446882067
9021.509760053159 0.020438972917556801
9032.842679066147 0.020437276628840192
9043.9506255171582 0.020435582383661371
9055.0699435361603 0.020433889091779744
9066.2334870851628 0.020432196935703865
9077.4443117771734 0.020430510229319545
9088.4929531121743 0.020428827254483983
9099.5275432771741 0.020427146889928718
9110.7698839021759 0.020425467456375919
9121.9019651041745 0.020423790164751238
9133.1462738961709 0.020422118130240568
9144.4555044271692 0.020420449007574816
9155.2916191251716 0.020418781035349724
9166.2905486181699 0.020417115856695291
9176.9997683011752 0.020415454651561419
9187.7268458521721 0.020413795479157105
9198.6320218381734 0.020412137940488122
9209.5702401091839 0.020410482003872372
9220.1152001831942 0.020408826968733439
9230.8047479472007 0.020407172825138584
9241.3320253462007 0.020405519568371788
9251.7836304072116 0.020403867328368526
9262.230361678201 0.020402219645453953
9272.703195601207 0.020400575637766517
9283.5582676192134 0.020398932501204784
9294.0135361252178 0.020397290229957048
9304.4497411822231 0.020395650261209923
9314.8824386252236 0.020394013197477655
9325.3350573252246 0.020392377949070149
9335.7521391132177 0.02039075125221234
9346.1690797042102 0.020389129031812749
9356.5835428842111 0.020387512124935891
9368.7907589862007 0.020385898883599794
9380.8395185552072 0.020384289531633536
9393.0319247481966 0.020382681511982217
9404.5606495652028 0.020381074352322913
9416.3579739362031 0.020379468094667695
9428.3926808542019 0.020377864572627094
9440.930313435194 0.020376263381434265
9453.1074117082026 0.02037466303519931
9465.3695344502048 0.020373064833003038
9476.8020846422005 0.020371470164114995
9488.4757817982027 0.02036987714950984
9500.2517769602127 0.020368289130249757
9513.273721329213 0.020366706438114564
9524.6068316932069 0.020365125325942621
9536.3290303732065 0.020363545646899749
9547.9265945682127 0.0203619701494577
9559.2595307012089 0.020360396198955955
9571.1107509752037 0.020358823313253841
9582.6904478611978 0.020357252327750153
9594.5486347012047 0.020355682713409057
9606.4566620892147 0.020354120036599574
9618.3977719242102 0.020352560889784852
9630.0089855922124 0.02035100258366589
9641.6947080242098 0.020349445696124738
9654.0941777722182 0.020347889706189472
9665.8467173972167 0.020346337532076098
9677.769619894214 0.020344786700223539
9689.325854836221 0.020343236742222069
9700.9497617062152 0.020341689296497503
9712.1987133542134 0.020340142895351583
9723.3704698022193 0.020338597299378876
9734.7906308992096 0.020337052546849255
9746.0186867912125 0.020335510279488662
9757.2192290512176 0.020333969245869637
9768.3797151782201 0.020332431120103873
9779.6319727622176 0.020330893967911157
9790.9231617882178 0.020329357928089733
9802.0827746002178 0.020327825690695616
9813.2107654452266 0.02032629553244596
9824.3383268512262 0.020324767550229852
9835.4075527662353 0.020323242370383268
9846.5098566302331 0.020321717961322445
9857.6320504092291 0.020320196337024601
9869.4115929412364 0.02031867735705499
9881.3562611442321 0.020317161614975879
9893.3264477172343 0.020315651785123408
9904.9596511872223 0.020314143158415905
9916.3106022892171 0.020312637220944313
9927.6275436552241 0.020311132061506008
9938.9444587362377 0.020309629070317012
9950.6339593872253 0.020308129097873745
9962.4809271522245 0.020306631798352102
9974.1971572142356 0.020305137017197238
9985.7962266592367 0.020303644093524156
9997.1789549782407 0.020302155749709304
10008.550570021252 0.020300670101117028
10019.995241055251 0.020299186649314623
10031.905303541251 0.020297703958964096
10043.517367717242 0.020296224563510153
10055.218721100231 0.02029474929730922
10066.88455987323 0.02029327658275721
10078.706256965219 0.020291807298371722
10089.958374856215 0.020290339131547052
10101.416183300214 0.020288874836912711
10112.555373407216 0.020287415705831882
10123.879906551214 0.020285957338430357
10135.472127698216 0.020284500254235168
10146.909145679223 0.020283044566051789
10158.95541086822 0.020281590039532071
10170.226058694214 0.020280140211628234
10182.258873555213 0.020278697560378336
10193.591599665204 0.020277257989046109
10204.942442748215 0.020275820371719686
10216.241051318211 0.020274388421754875
10227.544489385211 0.020272960462096371
10238.999340238224 0.020271535291443019
10250.431840267222 0.020270110889212947
10262.37547219322 0.020268687237680185
10274.275070398216 0.020267265294690556
10285.802132199213 0.02026584950599071
10297.345722390222 0.020264439403920403
10308.966074392214 0.020263031966822709
10321.029706894216 0.02026162610759201
10332.561837588219 0.020260222118426569
10344.259618532218 0.020258823887299722
10355.668999039219 0.020257426411055903
10367.239948764211 0.020256030050731177
10378.629696545206 0.020254635865843976
10390.075362192205 0.020253244198932929
10401.406521150202 0.02025185656913497
10413.2048368752 0.020250471886191987
10424.92764565321 0.020249089427180563
10436.796200012206 0.020247710305886055
10448.325993532213 0.020246333397319606
10459.867945218211 0.020244957461029844
10471.758185668208 0.02024358233852527
10483.400447954205 0.020242210663517758
10494.631333188197 0.02024084051765656
10505.901984072203 0.020239471743055196
10517.243392768214 0.020238104870786026
10528.674196704218 0.020236741000606618
10540.367155094224 0.020235380634365557
10551.590669767218 0.020234024905218886
10563.322124736223 0.020232670956740799
10574.629964559223 0.020231318352573944
10585.829105997225 0.020229966474644766
10597.01549981322 0.020228615320235246
10608.701937610211 0.020227264879082479
10620.457277673224 0.020225915705355285
10632.378695718231 0.020224568184089912
10644.272046850238 0.020223222224658777
10655.898811373234 0.020221876964813486
10667.261102811244 0.020220533340604269
10678.615371308246 0.020219190975652359
10690.124315890251 0.020217849299948257
10701.527441833256 0.020216508720825126
10712.981699066251 0.020215170457134776
10724.212966350256 0.020213833755779183
10735.564043932245 0.020212497824793094
10746.928115452247 0.020211163309538413
10758.150011758247 0.020209830583568716
10769.427756001256 0.020208498533086618
10780.959193560251 0.020207167153945552
10792.789020972254 0.020205836903554358
10804.957345919247 0.020204507747811601
10816.414824261243 0.020203179421870922
10827.899064419253 0.020201855909528443
10839.575526422253 0.020200536526182072
10851.090606491256 0.020199218692441248
10863.081899351251 0.020197901521194054
10874.403860658262 0.020196585007446078
10885.944155406265 0.020195269153799721
10897.630036952265 0.020193955495593739
10909.207423650252 0.020192648751075647
10921.085254896243 0.020191344051122277
10932.632340678232 0.020190040011194021
10944.124767184243 0.020188738229526989
10955.583394635236 0.02018743925924827
10966.662628899241 0.02018614203107269
10977.902573915242 0.020184846093365419
10989.565043510243 0.02018355080999569
11001.310814764249 0.02018225617529492
11012.489347670242 0.020180963434778959
11023.652953312252 0.020179673336398231
11035.105352280254 0.020178384415236655
11046.304970486264 0.02017710227757466
11058.337917543264 0.020175823184211836
11069.749387504271 0.020174547484148094
11080.923511307265 0.020173272927443739
11092.082716980265 0.020171999104787418
11103.248604004271 0.020170728107186103
11114.532981221273 0.020169457740946278
11125.752575251274 0.020168188003876399
11136.906055115265 0.020166919226965629
11148.349075801263 0.020165652313080998
11159.762344729257 0.02016438903216115
11171.161491627267 0.02016312903354955
11182.380677649257 0.020161871684054571
11193.685231493262 0.020160616117710809
11205.106458681272 0.020159361178584613
11216.212413947273 0.02015810908177907
11227.357784654276 0.020156858138095826
11238.37322770727 0.020155607809653517
11249.438344170267 0.020154358295429876
11260.971127864264 0.020153112576497871
11272.645879198259 0.020151867544718809
11284.428251219259 0.020150623116196434
11296.379376532263 0.020149379289838433
11307.768919837254 0.02014813606178124
11318.953998873258 0.020146894269614187
11330.014335468251 0.020145653522004828
11341.18460530325 0.020144413365218283
11352.442726854249 0.020143173792116244
11364.045663799247 0.020141934804848466
11375.301998140247 0.020140696606454692
11386.730958872242 0.020139460971867449
11397.890904151238 0.020138226527993752
11409.410379868234 0.020136993131517417
11421.08566415924 0.020135762568486187
11432.659553503239 0.020134533028082029
11443.963252140238 0.020133304333488276
11455.168752616242 0.020132080138612323
11466.455232567241 0.020130857766124489
11478.302101574242 0.02012963650924059
11490.020695926243 0.020128416721010595
11501.497842704237 0.020127199048977952
11512.866543100245 0.020125983648811775
11524.201342082248 0.020124768814341706
11535.470447544256 0.020123554952897492
11547.070609742266 0.02012234243606531
11558.288909502269 0.020121131778546308
11569.620220545272 0.020119922529844826
11580.772517151272 0.020118714926600008
11592.354127813276 0.020117508483158963
11604.15968384227 0.020116303682155803
11615.529452303264 0.020115100766567934
11627.437583956256 0.020113899284245642
11639.159811438265 0.020112700790351452
11650.60829773327 0.020111504844213254
11662.162287702275 0.020110312453736456
11673.679435033264 0.020109122353876682
11685.534352695264 0.020107932875315461
11696.754137779266 0.020106744902583205
11708.125894600264 0.020105558559953579
11719.727699271258 0.020104372765266859
11731.381188553249 0.020103188998686898
11743.055523471252 0.020102010073749284
11755.23305117125 0.020100831702032761
11767.656813766254 0.020099653876963226
11779.890396365241 0.020098477111942074
11792.036582123241 0.020097302057099097
11805.148499931238 0.020096129329385672
