time obj
0.001192690986499656 0.5
0.014857952992315404 0.5
0.3746095669848728 0.036936695602462578
3.2784881309635239 0.02068211885623332
4.6620248979816097 0.019907851656414632
5.8934317149833078 0.019874313880680044
7.0625981529665296 0.019862932148741266
8.1883090259725577 0.019860871955474875
9.2931424559792504 0.019860565625808631
10.386394609988201 0.019860556759054231
11.47163908197399 0.019860412674228639
12.557254911967902 0.019860412630077321
13.634541034967697 0.019860407535880312
14.714457346970448 0.019860406790240401
15.793778865954664 0.019860406904927241
16.871550466952613 0.019860406858126126
17.949153419926006 0.019860406565586821
19.025553858926287 0.019860406558461018
20.100869121910364 0.019860406554978966
21.177661677909782 0.01986040655569752
22.254950328919222 0.019860406553082001
23.332078233906941 0.019860406553495188
24.408353639919369 0.019860406552976106
25.485140868913732 0.019860406553130313
26.561980720915017 0.019860406552947553
27.639332931939862 0.019860406552948892
28.716749121958856 0.019860406552948909
29.792654790981032 0.019860406552947768
30.870074594997277 0.019860406552945062
31.946981627006608 0.019860406552944875
33.023976537006092 0.019860406552944871
34.101109015005932 0.019860406552944833
35.17875649202324 0.019860406552944812
