time obj
2.6991772969995509 0.024261490019715375
5.6229140030045528 0.026643143416754174
8.1074908900045557 0.022541836596780138
11.421394030003285 0.021132847526807334
13.616120876002242 0.020666943757359793
16.332444780004153 0.020290580567621199
18.450426659001096 0.020170543495693697
20.786790562000533 0.020015243925402982
22.695614913995087 0.019960002111727541
24.542165397993813 0.01994928355578927
26.433478584993281 0.019902358459140446
28.720970146991021 0.01990229270582454
30.949563468988345 0.019915889845640335
32.734539298988238 0.019875199402878598
34.402756653988035 0.019871279111002144
36.079423211987887 0.019871871064770924
37.765684739992139 0.019867334179478134
39.605859478993807 0.019868722220726442
41.274463167996146 0.019863020098702149
42.878365219992702 0.019862628971891508
44.476927790994523 0.019862862100418568
46.092366259996197 0.019861615885401186
47.840480136001133 0.019861956019745393
49.558797521007364 0.019861732304629863
51.530058391006605 0.01986147893331499
53.576921157007746 0.019861048711604056
55.548370891010563 0.019861026528108824
57.642782452014217 0.019860787428475784
59.48334325801261 0.019860867482899461
61.035074783008895 0.019860777739070752
63.349447226006305 0.019860507966208148
65.486556338008086 0.019860513195143193
67.042439240009116 0.01986050849559488
69.12731556801009 0.019860482943080644
71.082906809009728 0.019860457838923311
73.85570169701532 0.01986046351213085
75.866925557013019 0.019860470828257842
77.954324459016789 0.019860424843780047
79.536671284011391 0.019860451120314839
81.104420487012248 0.019860475620834827
82.944677239007433 0.019860415605613066
84.742415777007409 0.019860416061599752
86.300711867006612 0.019860426689997743
87.901704405012424 0.019860425090473057
89.767110156011768 0.019860412359506769
91.340674603008665 0.019860425985622637
92.922803564011701 0.01986041001862128
94.497763441009738 0.01986041495834024
96.553482405011891 0.019860408518148295
98.466698763011664 0.019860412498332106
100.43742080700758 0.01986040784285106
102.32813832900865 0.019860410430161249
104.32121319300495 0.019860407168657213
106.24213909300306 0.019860412014904388
108.63965642200492 0.019860407147890141
111.07624964700517 0.019860407201483323
113.46991523100587 0.019860407694129341
115.21742037400691 0.01986040865670774
117.57602658800897 0.019860406792668744
119.87505453001359 0.019860407262503273
121.84867546301393 0.019860406937410424
123.86561067301227 0.019860409456354887
125.6890670700086 0.019860406730161578
127.56298099600826 0.019860406620900481
129.2178529740122 0.019860406642039582
130.88450817301054 0.019860406939619026
132.60481586300739 0.01986040674349665
134.44466456901137 0.019860406609870675
136.69781109000905 0.019860406627148816
138.63633972401294 0.019860406617803746
140.61845751800865 0.019860406770169765
142.58387800400669 0.019860406576214112
144.5354609940041 0.019860406609624723
146.97875252499944 0.019860406572380449
148.94512879400281 0.019860406559879463
151.50378296700364 0.019860406559439141
153.66355909599952 0.019860406557631098
155.54462100799719 0.019860406578480448
157.30210095000075 0.019860406555618576
159.75965533700219 0.019860406656924443
162.78794585900323 0.019860406557250684
165.75042353700701 0.019860406559539988
167.72343715000898 0.019860406569837088
170.25991511200846 0.019860406566622284
172.94633951100695 0.019860406566373914
175.34220136200747 0.019860406553641019
177.46924299201055 0.019860406553965485
179.42172363901045 0.019860406560952712
181.21987831601291 0.019860406554342302
184.79248501700931 0.019860406553884158
186.65725715700682 0.019860406553665572
188.37095381400286 0.019860406553131541
190.06722954499855 0.019860406556886225
191.68013336700096 0.019860406553856545
193.35437230500247 0.019860406553564931
195.38787730800686 0.019860406553830253
197.30537908600672 0.019860406553203192
199.07875788601086 0.019860406553109281
202.07907308301219 0.019860406553398244
204.61765259301319 0.019860406554443523
206.32113601101446 0.019860406553094685
208.22710457301582 0.019860406552982129
210.61227141301788 0.019860406553531478
212.32500881901797 0.019860406553117639
214.97200432001409 0.019860406553034345
217.23863365001307 0.019860406553081321
219.57262894100859 0.019860406552970784
222.05715040801442 0.019860406553011491
224.24006147501495 0.01986040655300253
227.05280688301718 0.019860406552957809
229.87288947901106 0.019860406552953378
232.1939866340108 0.019860406552949229
234.28931855900737 0.019860406552953236
236.97782876400743 0.01986040655295105
238.83060104400647 0.019860406552946696
241.52972753700305 0.01986040655295088
244.66214753700478 0.019860406552945943
247.0023687110006 0.019860406552947442
249.21533534000628 0.019860406552945686
251.21651127600489 0.019860406552985172
253.50385814700712 0.019860406552960747
256.02553685300518 0.019860406552945496
257.83978159901017 0.019860406552948157
260.03831944400736 0.019860406552945516
261.94673787900683 0.019860406552945811
263.76732705500763 0.019860406552944954
266.48233485300443 0.019860406552946203
269.05544329900295 0.019860406552944958
272.38446600000316 0.019860406552945437
274.98400767600106 0.0198604065529468
278.04467785600718 0.019860406552944892
279.9736420650006 0.019860406552945145
282.74780253100471 0.019860406552945797
284.52524668400292 0.019860406552945291
286.31696922300034 0.019860406552944868
288.36064284200256 0.019860406552944802
290.30477743800293 0.019860406552944809
291.89502340600302 0.019860406552945065
293.50946453500364 0.019860406552944909
296.20361831699847 0.019860406552944881
298.09622962400317 0.019860406552944847
300.23036936899734 0.019860406552945027
302.10462949299836 0.01986040655294485
304.76752320900414 0.019860406552944881
306.9491519400035 0.019860406552944857
308.67044728000474 0.019860406552944836
310.61730931600323 0.019860406552944757
313.47838845600199 0.019860406552944833
315.91917044299771 0.01986040655294484
318.3167693860014 0.019860406552944791
