time obj
30.651888735003 0.02753894004838
60.3077444280025 0.0241971110331614
89.777057895004 0.0225591222138131
119.427115844002 0.0215959449676333
149.780246500002 0.0210037850489334
180.039868515003 0.0206107820737177
210.235911839005 0.0203582631356872
240.458005406002 0.0201915239883411
270.812074012007 0.0200754864379715
301.162230736008 0.0199943621217361
331.34304658301 0.0199374942928611
361.535914959008 0.0198974886852987
391.777415057008 0.0198691505795677
422.134577858011 0.0198641917562866
452.29493145501 0.0198627952830119
482.414814164011 0.0198619581103008
512.574793008011 0.0198614314812003
542.916155340012 0.0198610923280959
573.06073758101 0.0198608669828523
603.210992766009 0.0198607178146871
633.367410145012 0.0198606191742413
663.644175012014 0.0198605520266128
693.906404557012 0.0198605059750845
724.076923733013 0.0198604744310285
754.228441371011 0.0198604525092926
784.380467131014 0.0198604379672191
814.76185168801 0.0198604284189443
844.972439455014 0.0198604218890366
875.177931216011 0.0198604173151736
905.39534479201 0.0198604141355935
935.688300421014 0.0198604118949545
965.983977808017 0.019860410327652
996.152073584013 0.0198604092261446
1026.38587937702 0.0198604084504954
1056.60820547702 0.0198604079050963
1086.93558071401 0.0198604075171961
1117.20967472501 0.0198604072403714
1147.40298152701 0.019860407045024
1177.56688137801 0.0198604069048646
1207.74445100401 0.0198604068046986
1238.06218972001 0.0198604067334364
1268.37451308601 0.0198604066824481
1298.58589747601 0.0198604066460044
1328.79156090101 0.0198604066200746
1358.95750524101 0.0198604066013492
1389.20056850801 0.0198604065878387
1419.46884289601 0.0198604065780861
1449.67213323001 0.019860406571111
1479.87361044401 0.0198604065660784
1510.06814506801 0.0198604065624438
1540.45702847801 0.0198604065598241
1570.73245392201 0.0198604065579266
1600.88919797301 0.0198604065565533
1631.03492779301 0.0198604065555625
1661.21662993601 0.0198604065548454
1691.60556098101 0.0198604065543252
1721.81283387301 0.0198604065539498
1751.98317322201 0.0198604065536753
1782.15567335601 0.0198604065534764
1812.32844812701 0.0198604065533321
1842.72389848502 0.0198604065532271
1872.92379067102 0.0198604065531508
1903.12025275102 0.0198604065530953
1933.31042474202 0.0198604065530548
1963.49976090801 0.0198604065530252
1993.85943284001 0.0198604065530036
2024.05979979102 0.0198604065529877
2054.22271242101 0.0198604065529762
2084.42393088201 0.0198604065529678
2114.63828972301 0.0198604065529616
2144.98172920901 0.0198604065529571
2175.27368480502 0.0198604065529538
2205.43648115301 0.0198604065529514
2235.64182047902 0.0198604065529497
2265.84251303602 0.0198604065529484
2296.14907224601 0.0198604065529475
2326.45531631901 0.0198604065529467
2356.65551170701 0.0198604065529462
2386.84210691001 0.0198604065529458
2417.05834294701 0.0198604065529456
2447.33050872901 0.0198604065529454
2477.72637468901 0.0198604065529452
2507.91240564301 0.0198604065529451
2538.08089236901 0.019860406552945
2568.294757273 0.019860406552945
2598.521358576 0.0198604065529449
2628.84525543 0.0198604065529449
2659.17830457 0.0198604065529449
2689.376454539 0.0198604065529448
2719.60313117001 0.0198604065529448
2749.81193742501 0.0198604065529449
2780.02840131401 0.0198604065529448
2810.43599605401 0.0198604065529448
2840.67766008301 0.0198604065529448
2870.85451836801 0.0198604065529448
2901.05112516501 0.0198604065529448
2931.25704299401 0.0198604065529448
2961.50958832101 0.0198604065529448
2991.86301927701 0.0198604065529448
3022.00371039801 0.0198604065529448
