time obj
16.265611844995874 0.046961744402922501
31.797574096992321 0.045846853467104709
45.602500226996199 0.03935415492437104
59.357843071993557 0.036592051456694204
72.873815909995756 0.034678921605144901
86.276174904996878 0.033356293001161899
99.60316774299281 0.032377160959639016
112.88884446199518 0.031619907788798897
126.18301531799807 0.031014976837538868
139.45581552599469 0.030519043622123945
152.75068804199691 0.030103462954206048
166.0736611129978 0.029748318896262435
179.42046098199353 0.029438497812215841
192.80603413099743 0.029165558417845634
206.23188027300057 0.028921721380078716
219.6756278899993 0.028700950862512727
233.16645687999699 0.028500122858139056
246.69926644999941 0.028316127979776621
260.25351540699921 0.028146650004971387
273.84932673299772 0.027989981796740067
287.46998259699467 0.027844385425193068
301.12139764399035 0.027708132813942458
314.77301288498711 0.027580547256743145
328.4558955039829 0.027460234480997096
342.15337470998202 0.027346478518729227
355.87110118298733 0.027238459715659295
369.60475526199298 0.027135743782681399
383.34134816199366 0.027038064464110157
397.10953243099357 0.026944729213217694
410.88158745499095 0.026855424043523351
424.67587402599747 0.026769808096222703
438.48227489399869 0.026687509356022685
452.30191442799696 0.026608300742745741
466.08593600099994 0.026532333983997899
479.91116017700551 0.02645892200482701
493.74792259300739 0.026388049696142932
507.55619391801156 0.026319552321097832
521.3924767710123 0.026253118704440762
535.22086967800715 0.026188647978220177
548.95795143600117 0.026126031992946056
562.75292327399802 0.026065215998114941
576.53913395699783 0.026006193023524922
590.31149918099254 0.025948758228461998
604.09380435598723 0.025892810932109673
617.86117240098974 0.025838381924273363
631.54313995598932 0.025785190476968794
645.29246748698642 0.025733324796996415
659.01137715898949 0.025682892919200829
672.72429364398704 0.025633691934540986
686.44063577898487 0.025585539264819972
700.14188709698647 0.025538519933669495
713.79794027098978 0.025492682264223038
727.46518518299126 0.025447917689813398
741.13102168199111 0.025404237880322814
754.79784788698453 0.025361712778486197
768.45410195798468 0.025320284266052377
782.03860162298952 0.025279663365281646
795.65370341299422 0.025239908748676002
809.26131779599382 0.025200934517984303
822.85515461098839 0.025162659669760577
836.44012183098675 0.025125037181939258
850.02707642298628 0.025088104852972009
863.50802099398425 0.025051856425253632
877.05572121398291 0.025016302979576768
890.57951574798062 0.024981393293784498
904.09369426297781 0.024947096408145596
917.61766884697863 0.024913464528246509
931.13064309298352 0.024880412245631443
944.55697603798035 0.024847914758605601
958.03056362098141 0.02481594241941671
971.47025088397641 0.024784585594307327
984.9011327149783 0.024753708362673883
998.31883583197487 0.024723435190729604
1011.6899495099715 0.024693657316559266
1025.0276933969726 0.024664302094312536
1038.4093131249756 0.024635409911899081
1051.7654325359763 0.024606948414783596
1065.1109019499781 0.024578943517310069
1078.4524244099812 0.024551302777724809
1091.7516117409832 0.024524075381960803
1105.0198383639872 0.024497301515382559
1118.3091296089915 0.024470901147964543
1131.5711135999882 0.024444826912885954
1144.8235056599879 0.024419107528078056
1158.062540739993 0.024393847600495001
1171.1969441019901 0.024368899067087408
1184.3739696899866 0.024344271843654033
1197.5305118809847 0.024319972678256363
1210.6640495769825 0.024296078847478905
1223.8001889069856 0.02427260210732787
1236.9176998029798 0.024249415638286302
1249.94715834198 0.024226543551535241
1263.0355244319799 0.024203996657683902
1276.1140814259779 0.024181716692500767
1289.1710744299708 0.02415977266535238
1302.2285311549713 0.024138119399302455
1315.2577059939649 0.024116680898920981
1328.2162328689592 0.024095495607156226
1341.233500939954 0.024074630686376216
1354.2422358899494 0.024054069600463159
1367.2447953159499 0.024033734015140633
1380.2492052399539 0.024013621978526248
1393.2078197819501 0.023993735873963008
1406.1191604079504 0.023974030008078306
1419.07575313095 0.023954519777037168
1432.0257768059528 0.023935205296145814
1444.9528563969579 0.023916099077026565
1457.886427154961 0.023897179041359132
1470.7244912829628 0.023878492338821673
1483.572131310968 0.023859999679745572
1496.446229973968 0.023841776328650151
1509.3050131219643 0.023823843746054212
1522.1366611509657 0.023806101878610368
1534.9617208579657 0.023788572189484661
1547.6773822719624 0.023771222926904725
1560.4445552849647 0.023754043792896359
1573.2089325929701 0.023737075242355601
1585.9640618169724 0.023720273415996092
1598.7277872259729 0.023703633027732908
1611.469928324972 0.023687206224948593
1624.1125161099772 0.023670950206157722
1636.8084110479758 0.023654882839014957
1649.4905097789742 0.023638988949589712
1662.1702280019745 0.023623289980161
1674.8424680459721 0.02360774619096772
1687.4681707589698 0.023592309801839916
1700.0364483779704 0.023576992856562281
1712.67766961897 0.023561784702843851
1725.3054954109684 0.023546712238838918
1737.9208843739689 0.023531759089933366
1750.5238786749687 0.023516948601767451
1763.0702664879718 0.023502303910479062
1775.5738973979751 0.023487827783605007
1788.1377533429768 0.023473502441215911
1800.691275116973 0.023459315535844256
1813.242248289971 0.023445261819286998
1825.7989428579749 0.023431326651296849
1838.2581292079703 0.023417492399684475
1850.7141459309642 0.02340379745727595
1863.2105980199631 0.023390257491220003
1875.6727657599695 0.023376858311563026
1888.1568490039645 0.023363586840635303
1900.6332868539685 0.023350398828786832
1913.0071732429715 0.023337338952998419
1925.4085262319713 0.02332439820708284
1937.8415824629701 0.023311571075067247
1950.2813315779713 0.023298843857334925
1962.7217611059677 0.023286225123293772
1975.1503468469673 0.023273728920351299
1987.4823852209665 0.023261304332092534
1999.9113110879698 0.023248959955553157
2012.4542364129666 0.023236690578699294
2024.9269669939677 0.023224517924733505
2037.3627698909695 0.023212449783114174
2049.7078215089714 0.02320047755580781
2062.005446022973 0.023188592783055278
2074.3794724719701 0.023176817498890313
2086.7322015559766 0.023165144501270715
2099.0977926699779 0.023153598107269708
2111.4540926549744 0.023142122760626462
2123.7163925199784 0.023130705095305841
2135.9839273109756 0.023119358197320375
2148.3199296339735 0.023108083983949392
2160.6521800729752 0.023096878980028251
2173.0014070009711 0.023085745570565218
2185.3266175119716 0.023074704654289381
2197.547046819971 0.023063740895052823
2209.7791293689734 0.023052859297403819
2222.0604245619688 0.023042064714456807
2234.3458919429686 0.023031346739306225
2246.6274147189688 0.023020703918997288
2258.8883519999727 0.023010131253364222
2271.0704773769685 0.022999646499570377
2283.2886466969721 0.022989247974618411
2295.5492372689769 0.022978929981695245
2307.8105421729706 0.022968686898459659
2320.062841795967 0.022958545050098606
2332.2337619229656 0.022948471510185323
2344.3798723219661 0.022938452615681129
2356.6027854439672 0.022928509044739757
2368.8047356279712 0.022918631492522892
2381.0195858029692 0.022908803199945357
2393.2259607739688 0.022899035924828576
2405.3201042749643 0.022889321857041754
2417.4123258599648 0.02287965405905967
2429.5839923399617 0.022870051978235988
2441.7579568789661 0.022860515369646048
2453.9285509239635 0.022851052980031022
2466.0789218709615 0.022841640866240277
2478.1518790659611 0.022832290199505865
2490.229296419966 0.022823024161055507
2502.347996903969 0.022813853489549625
2514.4674986829632 0.02280476657347472
2526.5805439379692 0.022795751444391787
2538.6617517129635 0.022786769999738093
2550.6817723999629 0.022777846010504543
2562.726634678962 0.022768989851709574
2574.800163636959 0.02276019131332745
2586.8793383389566 0.022751452052525527
2598.9487908419542 0.022742747458388411
2610.9405341509482 0.022734074923503312
2622.9121411499509 0.022725470408466945
2634.9424148389517 0.022716909373203375
2646.9761571659474 0.022708395719861416
2659.0313980269493 0.02269993543272187
2671.0862925779511 0.02269152384897084
2683.0403663359539 0.022683150198200504
2694.9895321709555 0.022674828175885949
2707.0071840489545 0.02266655783472148
2719.0162303619582 0.022658348529861927
2731.02200390496 0.022650185429662174
2742.9879584189621 0.022642053270953828
2754.896036204962 0.022633962036501868
2766.8289033559631 0.022625920565301123
2778.8170970749634 0.022617926056228487
2790.8024999339614 0.022609991073499831
2802.7709664199574 0.022602100112194979
2814.6427410859542 0.022594237845159758
2826.4981666269523 0.022586421037786259
2838.3910778669524 0.022578663717641348
2850.3059877529522 0.022570944717345373
2862.2308663919539 0.022563281943367024
2874.1519329409493 0.022555669923849799
2885.9822005399474 0.02254808204459904
2897.8038064139473 0.022540534691048358
2909.7102526969466 0.022533017124598282
2921.611623485951 0.022525536240875742
2933.51674997995 0.022518097424262813
2945.3887050829508 0.022510713220330256
2957.1846941499462 0.022503355877889628
2968.9770786059453 0.022496035083276571
2980.8370246499471 0.022488743469840665
2992.6955753149523 0.022481483780433419
3004.5630738069522 0.022474254891114195
3016.3363316819523 0.022467075901281931
3028.0913348809481 0.022459955537937618
3039.8817512539463 0.022452870390785723
3051.7053657149518 0.022445818915837697
3063.5518739889521 0.022438807664735026
3075.372708422954 0.022431836911734147
3087.1136977879578 0.02242489791639532
3098.8471572759518 0.022417984338678178
3110.6528817719518 0.022411103618694646
3122.4539639879586 0.022404259488554869
3134.2609537539611 0.022397449044257937
3146.0151900659621 0.022390693361326184
3157.7229938369637 0.022383992398967188
3169.4126627439691 0.022377362143075164
3181.1752258209672 0.022370757011908299
3192.9385321079681 0.022364169888664156
3204.7052205559667 0.022357601375937831
3216.3788810279657 0.022351072850675332
3228.0381478239651 0.02234456700604303
3239.7129345079666 0.022338092994368498
3251.4358197889669 0.022331672798997691
3263.1677211849674 0.022325292854122193
3274.8851318919696 0.022318946193483402
3286.5131347649731 0.022312638429220873
3298.1351499269731 0.02230636507242998
3309.822507967976 0.022300129414595041
3321.5308786249734 0.022293927781128105
3333.2370453469775 0.022287749062348608
3344.8958497559797 0.022281592387478136
3356.5030820099855 0.02227546835793099
3368.1071039239832 0.022269361784400272
3379.786277999985 0.022263275361388796
3391.4716684489831 0.022257205637168449
3403.1535458459839 0.022251163885048397
3414.7391989479875 0.022245166918505446
3426.3123565009882 0.022239206081630637
3437.9085862529901 0.022233262976161232
3449.5692606119919 0.022227348238612686
3461.2258231349915 0.022221466681845929
3472.8512235749949 0.022215612790192921
3484.4037546519903 0.022209794174232043
3495.9544206529972 0.022204002657796925
3507.571995663995 0.02219824398713921
3519.2034742479955 0.022192508903572935
3530.8246184579984 0.022186798159674604
3542.3542852579994 0.022181115585105559
3553.8831898209974 0.022175467663080112
3565.4184178829964 0.022169864549511607
3577.0276856069904 0.022164297898624421
3588.6258510239932 0.022158759279967754
3600.1951672049909 0.022153245409306858
3611.6878179279956 0.022147749192830819
3623.1827668669939 0.022142281820061296
3634.7222324379909 0.022136836490196866
3646.2967712939935 0.02213141208998886
3657.8604791159887 0.022126011592631136
3669.3463245749881 0.022120627320172562
3680.8060596799842 0.022115258471769293
3692.270032878987 0.022109903519078915
3703.8047410679865 0.022104577606993095
3715.363905065984 0.022099278383643017
3726.9065517589843 0.022094000574846936
3738.361917514987 0.022088756975726032
3749.8172736839842 0.022083539695398509
3761.2947817389868 0.02207834511399558
3772.8292917509825 0.022073171652463273
3784.3492534799807 0.022068014135710214
3795.8033427099872 0.022062874826007561
3807.2327181989895 0.022057759325448796
3818.6593853089944 0.022052661757867319
3830.1561507899969 0.022047578592843089
3841.6853816130024 0.022042516321626262
3853.1961168820053 0.022037471563011567
3864.6215163200104 0.022032440180138599
3876.0416145340059 0.022027432047709537
3887.4795987160032 0.022022440573040807
3898.984426740004 0.022017491485019008
3910.4761042419996 0.022012568193023451
3921.8987918909988 0.02200766335487004
3933.2919797650029 0.022002772497754734
3944.6819396810024 0.021997907736696892
3956.1497683360067 0.021993068373677486
3967.6352472810104 0.021988251068713601
3979.1060882770107 0.02198345983252745
3990.4922397700066 0.021978688038909924
4001.875163966004 0.021973930934272516
4013.2673540130054 0.021969195151492697
4024.735781647003 0.021964476192939942
4036.2089817809974 0.021959771573031986
4047.6036278139945 0.021955082091136568
4058.9740757539985 0.021950414339952738
4070.3363313489972 0.021945764783988787
4081.756991724993 0.0219411321465111
4093.2016014139954 0.021936522961808806
4104.6200255929944 0.021931925215097722
4115.9508324489943 0.021927342024985811
4127.2833650969988 0.021922777119182443
4138.6224172219954 0.021918230078456807
4150.0445342379971 0.021913701763780252
4161.476654524995 0.021909194411644378
4172.8070999289921 0.021904706595956662
4184.1310471359902 0.021900232963422219
4195.4491822469936 0.021895768264494318
4206.8363799769941 0.021891320088830848
4218.2403793959966 0.02188688960472986
4229.6317176599987 0.021882475111150459
4240.9421321169939 0.021878077984779479
4252.2508141819926 0.021873697397763726
4263.5644446999941 0.021869343940940787
4274.9560968959922 0.021865001024238093
4286.3428300649903 0.021860666516409281
4297.6350052039925 0.021856350342122521
4308.9258869699916 0.021852047566060413
4320.2129343209963 0.021847760030284338
4331.5707896319946 0.021843494682889021
4342.9457858440001 0.02183925072375251
4354.289966356002 0.021835028776116479
4365.561954646997 0.021830822812653927
4376.8298639880013 0.021826633337173423
4388.1060171340068 0.021822457827549928
4399.4615072570014 0.021818292275071077
4410.811567100005 0.021814134152248428
4422.0663052110031 0.021809991824705898
4433.3209520360033 0.021805866108809181
4444.5690789369983 0.021801762932589421
4455.8984206250025 0.021797677570454269
4467.2230573240013 0.021793617993036474
4478.487489207997 0.021789582545740635
4489.7068094739952 0.021785554436362448
4500.9257290279929 0.021781540332330523
4512.1765001459935 0.021777536163998239
4523.4869330299916 0.021773546520557102
4534.7868926389929 0.021769573660392286
4545.9967294499947 0.021765611053700857
4557.2063391179981 0.021761655746196575
4568.4225963530043 0.021757718567679916
4579.7313833760054 0.021753801584526423
4591.0355956670028 0.021749890776855893
4602.2471907190047 0.021745990457233213
4613.4506015980078 0.021742110374240817
4624.6522804800043 0.021738242877705892
4635.9083702510034 0.021734389776238535
4647.1973240750012 0.021730549297002796
4658.4468504979959 0.021726717052061008
4669.6314676589973 0.021722895737978767
4680.8190977509948 0.021719089652443995
4692.017272305995 0.021715304266671277
4703.2987690969967 0.021711528909072422
4714.5792839149944 0.021707760071468282
4725.7602546619964 0.021704002360469207
4736.9363664229968 0.021700260624575519
4748.1097276079963 0.021696539036890491
4759.3608638549922 0.021692833812073719
4770.6308182919965 0.021689142942642424
4781.8035264269929 0.021685471286003347
4792.9709295539869 0.021681808908007066
4804.1352858069877 0.021678159311810673
4815.3307137829834 0.021674523962592548
4826.5916107799785 0.021670902274426009
4837.7994290339775 0.021667288341928444
4848.9503706899777 0.021663690003006195
4860.1010665399808 0.021660105922891363
4871.2570329349765 0.021656533310415352
4882.5077113549778 0.021652974473669741
4893.7417429079796 0.021649426150813667
4904.8860303049805 0.021645885722174078
4916.0337325339788 0.021642353356655059
4927.1770447739764 0.021638839995578314
4938.4037371609811 0.021635344169573412
4949.6326955449767 0.021631864139866983
4960.7579239119732 0.02162839330296603
4971.8781935699735 0.021624932917770973
4982.9954168229742 0.021621479885875844
4994.146667671972 0.021618034537274834
5005.3535585769714 0.021614606086888422
5016.5065227329687 0.021611189459974596
5027.612007603966 0.021607780250704502
5038.7137704189663 0.021604378932147523
5049.8225480509645 0.021600986123447099
5061.0272815499629 0.021597608377363981
5072.2053064039646 0.021594244277228933
5083.2943226379648 0.02159089232872205
5094.3841747149636 0.021587550855058472
5105.4787586629682 0.02158421910745488
5116.662804155967 0.021580897595628857
5127.854911698967 0.021577582221867671
5138.9427584329678 0.021574278704721138
5150.0188870099664 0.021570994098871452
5161.0911701119694 0.021567729106877057
5172.2006112329691 0.021564474856874058
5183.3737347269707 0.021561230361974389
5194.4409387559717 0.021557996231866244
5205.499965049974 0.021554771249395376
5216.5587752729771 0.0215515512665778
5227.6211056459724 0.021548346980938004
5238.7680855459766 0.021545153196028715
5249.8538345119741 0.021541971586160499
5260.896714193972 0.021538803567397253
5271.9371382169775 0.021535647156384868
5282.9765443329743 0.021532507755551586
5294.107068547979 0.021529379592160131
5305.221397430978 0.021526269669981321
5316.2558867769767 0.021523168131863901
5327.2877056979778 0.021520074340236034
5338.313364940972 0.021516988288617526
5349.4028793619655 0.021513907097633914
5360.5172817649654 0.021510830976795271
5371.536805946962 0.021507760880835031
5382.5570367939654 0.021504703974873734
5393.5790167499654 0.021501653945064991
5404.634978117967 0.0214986176647705
5415.7708203709699 0.021495594259236288
5426.788756474969 0.021492579866490266
5437.7934023929702 0.021489577280359332
5448.7972783919686 0.021486582841804474
5459.8089977679701 0.021483598976356183
5470.9104195809705 0.021480621006774562
5481.9329618069678 0.021477654131047859
5492.9277607449694 0.021474692730648129
5503.9193180799703 0.02147173781547981
5514.9032265019705 0.021468797813896299
5525.9823231139744 0.021465867619211647
5537.0169096019745 0.021462942607281717
5547.9969313849724 0.021460027629899275
5558.9694017859656 0.021457123426573372
5569.9387643369628 0.021454223604099796
5580.9798157289624 0.021451330871926317
5592.0251528729641 0.021448445959169657
5602.9857134849663 0.021445570609535405
5613.9413664959648 0.021442709206802798
5624.8933291889625 0.021439860530058009
5635.8886151789629 0.02143701772379393
5646.9342965049655 0.021434180084954239
5657.8813642729656 0.02143134794074171
5668.8231513039646 0.021428521015720105
5679.7670919069642 0.02142570102331123
5690.7277067829637 0.021422888712036212
5701.7731717629649 0.021420089359406015
5712.708178926965 0.02141729895988909
5723.6419525269594 0.021414521122290794
5734.5692933669634 0.02141175746863835
5745.4974239429575 0.021409010409347177
5756.5307719809571 0.0214062763694934
5767.460134137953 0.021403553027306687
5778.3813200649529 0.021400836095386119
5789.2967074339467 0.021398125557559516
5800.2109044689423 0.021395418379406676
5811.2285239419434 0.021392717835810451
5822.1821936309425 0.021390034289438947
5833.0938082609428 0.021387363155212245
5844.0048026319419 0.021384700556972728
5854.9147440719389 0.021382044094048296
5865.8947306129339 0.021379394065886698
5876.852624599931 0.021376750053704163
5887.7459815689363 0.02137411342081175
5898.6388272979311 0.021371480796735065
5909.531374035927 0.021368856810660863
5920.4723998099289 0.021366243811239378
5931.4332288619262 0.021363638251058741
5942.3171701509273 0.021361043586145836
5953.1993433029274 0.021358455956311036
5964.0803019809318 0.021355873296091728
5974.9914734089325 0.021353299065847944
5985.9464778599286 0.021350734164155276
5996.8235200949275 0.021348175193594901
6007.6934215069268 0.021345630022067043
6018.5601015319262 0.021343093290400534
6029.4450120139227 0.021340562972645818
6040.3945831229212 0.021338036989632179
6051.2689714389198 0.021335519887556432
6062.1363472129233 0.021333014238188869
6073.004540533926 0.021330519512120096
6083.8783552809255 0.021328035418094162
6094.8465363759242 0.021325562264065505
6105.7051277479259 0.021323095000894587
6116.5627572349258 0.021320632322046819
6127.4183360939278 0.021318172767103898
6138.2739412989249 0.021315722849294123
6149.2284189099228 0.021313279460572512
6160.0778880709258 0.021310841927438009
6170.9245620299262 0.021308408890362104
6181.7766440889245 0.021305981537791518
6192.6268627739191 0.02130355803146328
6203.5735703089158 0.021301140444287728
6214.4225736819208 0.021298729962130097
6225.2694291009248 0.021296325835423988
6236.1129841159272 0.021293929093281452
6246.9588419949287 0.021291537830583983
6257.9108810909238 0.021289154854720604
6268.7524239129198 0.021286776061429757
6279.5921602509261 0.021284403109032447
6290.4276616739226 0.021282040238147455
6301.2566776339227 0.021279686636123271
6312.1845630159223 0.021277338067992608
6323.0152291309205 0.021274997933514693
6333.8439001749211 0.021272664198880513
6344.6733115259194 0.021270334110661104
6355.4990589119188 0.021268009828930609
6366.4026372329172 0.021265691820611405
6377.2246666769206 0.02126338518438127
6388.0498893969198 0.021261081584647686
6398.8762830529231 0.02125878199760188
6409.693929799927 0.021256492877599495
6420.5843094459342 0.021254209317776791
6431.3995510949317 0.021251929806816606
6442.2148512779313 0.021249655211433811
6453.0299307309324 0.021247385755794726
6463.8428956509306 0.021245124301964406
6474.7184496809277 0.021242870530821745
6485.5386466079217 0.021240622862311941
6496.3486656049208 0.02123837899237838
6507.1597761079174 0.021236137514944017
6517.9679872829147 0.021233900115895953
6528.8143030439169 0.02123167561691822
6539.6235713719216 0.021229463048696464
6550.4257715879212 0.021227254329773057
6561.2247829049229 0.021225052996006053
6572.0220084939283 0.021222856152775617
6582.8637989029303 0.02122066354785361
6593.6617243539295 0.021218474503095514
6604.4545779509353 0.021216291191386162
6615.2463139909305 0.021214110661624631
6626.0356578959327 0.0212119336576202
6636.8743336929329 0.021209759279336403
6647.6630741879344 0.021207591325935561
6658.4520315939299 0.021205428746483502
6669.2384059929318 0.021203271022026592
6680.0228306439312 0.021201117175766303
6690.8551722749326 0.021198965680221525
6701.6396692179333 0.021196817786569479
6712.4211108489399 0.021194676758526116
6723.2003320769436 0.021192546034685598
6733.9798210689405 0.021190421011021209
6744.8035539239427 0.021188300544885533
6755.5782779409419 0.021186185220886472
6766.3485317539453 0.021184073835409978
6777.1230302889453 0.02118196464789656
6787.8970104909458 0.02117986397406801
6798.7107238689496 0.021177774338013385
6809.4772337719478 0.021175691025030682
6820.2363286979453 0.021173615130253027
6830.9950911899432 0.021171543949182761
6841.7559504999444 0.021169476861982523
6852.5594635299494 0.021167415041513045
6863.3187299299534 0.021165358150635576
6874.0726813099463 0.021163307729491525
6884.8248295909434 0.021161260824752646
6895.5768238839446 0.02115921736367625
6906.3787012789471 0.021157177308538361
6917.132623409947 0.021155140775909027
6927.8824734549489 0.021153106316482755
6938.6294212389475 0.021151078248780816
6949.3802213579474 0.021149055637786442
6960.1838170029514 0.021147037390729269
6970.9285731979544 0.021145022645341165
6981.6719526059533 0.021143009987676573
6992.4162335539513 0.02114099974877116
7003.1595213829569 0.02113899440855237
7013.9602796769541 0.02113699406810679
7024.7040262969531 0.021134995893486205
7035.4491606539523 0.021133003591118527
7046.1929255959549 0.021131015128688941
7056.9327059799543 0.021129035407111696
7067.7263139389543 0.02112706278136119
7078.4560514969489 0.021125096536410256
7089.1809651699514 0.021123137414359269
7099.9033559579475 0.021121184173827075
7110.6270802149447 0.021119233975552619
7121.3958358469463 0.021117286531074766
7132.1109282669495 0.021115341445401559
7142.8244751319507 0.021113400089099045
7153.5332501139492 0.021111467715732298
7164.2388632219518 0.021109541240438422
7174.9822277499552 0.021107623741508371
7185.6823699069573 0.021105713639647444
7196.3854512699545 0.021103808781405858
7207.087018433951 0.021101906643904194
7217.7893188809539 0.021100010761544632
7228.51340539995 0.02109812025085863
7239.212779404952 0.021096231635252382
7249.9118079299515 0.021094344923475263
7260.6097853839528 0.021092462621413465
7271.3140008069531 0.021090587959590401
7282.0070852399513 0.021088721097297015
7292.7010244279518 0.02108685617950147
7303.3942529429478 0.021084993144423234
7314.0856035589532 0.021083132898294891
7324.7906908349541 0.021081275267462528
7335.4827542379571 0.021079419494526703
7346.1734431999575 0.021077566957432452
7356.8635746939544 0.021075720085555794
7367.5553617479527 0.02107387952925395
7378.261630617948 0.021072043106974612
7388.9498501179478 0.021070208510141287
7399.6385049859455 0.021068378414603246
7410.3247418329483 0.021066553965211503
7421.008054663951 0.021064736207668914
7431.7083891229559 0.021062926658384228
7442.3915266459589 0.02106112262883586
7453.0710411409527 0.021059321340131391
7463.7469285809566 0.021057522953644704
7474.4238187079609 0.021055726448502024
7485.1146287479642 0.021053931736795581
7495.7898257409688 0.021052144194346589
7506.4645039359675 0.021050359309306054
7517.1415083029715 0.021048576927439465
7527.8168084309655 0.021046798912495453
7538.5018238939665 0.02104502414712546
7549.1759285519656 0.021043254518548996
7559.8475447519668 0.021041490247576445
7570.5186139519647 0.02103972771451413
7581.1899133819607 0.021037968495277844
7591.8616038199616 0.021036215902331103
7602.5318558009603 0.021034466683033711
7613.1979519969609 0.021032722024539357
7623.8635773259593 0.021030980586253294
7634.5282029069567 0.02102924161589674
7645.1907668409549 0.021027509759459297
7655.8513220729583 0.021025783571974155
7666.5134922379584 0.021024062076065518
7677.1732760579616 0.021022345257401282
7687.8308995289626 0.021020632723217261
7698.4854654269584 0.021018928384791448
7709.1325302609548 0.021017228656522988
7719.7763893189549 0.021015531760422073
7730.4174062309539 0.021013841069738498
7741.0567534469592 0.021012157163711822
7751.6859426709561 0.021010486658169954
7762.3136077619565 0.021008819824313872
7772.9403905129584 0.021007154920674231
7783.5681602739569 0.021005492220796639
7794.1959711139571 0.021003831771951947
7804.8259413109554 0.021002174451881451
7815.453456125957 0.021000521634622835
7826.0757491559561 0.020998872330100869
7836.6913776019574 0.020997233080478378
7847.3080016399617 0.020995598051137751
7857.9246809029573 0.020993965161577095
7868.542297856955 0.020992334177680098
7879.1565090019576 0.020990707714598222
7889.7702456669576 0.02098908398809389
7900.3835259829575 0.020987462381641619
7910.9954572519564 0.020985843679322474
7921.6064951179578 0.020984226578021827
7932.21172771696 0.020982614207772018
7942.8144527079639 0.020981005472345365
7953.4143231869602 0.020979399522912466
7964.0119665099628 0.020977798197197733
7974.6046159899633 0.020976200185053577
7985.1960108529602 0.02097460672464576
7995.7889719099621 0.020973015745564004
8006.3801593909593 0.020971428486310069
8016.9739524049583 0.020969846091712627
8027.5660757899605 0.020968267726682106
8038.1543651389584 0.02096669293464281
8048.7433225739587 0.020965119682386828
8059.33111223796 0.020963547963715825
8069.9184853599581 0.020961978454350941
8080.5034742369608 0.02096041206348085
8091.0901081169577 0.020958847721856869
8101.6790968309579 0.020957287802150341
8112.2680128309585 0.02095573376161846
8122.8554588509578 0.020954183114068981
8133.4372677279534 0.020952636892435317
8144.0163153119502 0.020951096863446466
8154.5972376889549 0.020949559335190045
8165.1808855669588 0.02094802469705263
8175.7636733419567 0.020946492316124634
8186.344480538959 0.020944961728655904
8196.9261562549582 0.020943433914068055
8207.507111457955 0.020941909844886343
8218.0872322489595 0.020940388042574001
8228.6612997239572 0.020938868761128132
8239.227199895955 0.020937354835905017
8249.7961510679597 0.020935843758788503
8260.361850213958 0.020934336936363779
8270.9254610329517 0.020932834383732571
8281.486465837952 0.020931333826055117
8292.046594913947 0.02092983673449321
8302.6092141459449 0.020928343139166104
8313.1693198619396 0.020926852395804225
8323.7302206379391 0.020925366348241402
8334.2928523099399 0.020923885502224685
8344.8539012469409 0.020922409732523881
8355.4138253869387 0.020920938084293832
8365.971522999942 0.020919470738604409
8376.5303370159381 0.020918005232738745
8387.0846739769404 0.020916542615106792
8397.6348372079447 0.020915082134550039
8408.1844204769441 0.020913623044727728
8418.7331912489462 0.020912165330108482
8429.2826614309452 0.020910709352380867
8439.8346557339464 0.020909256510273651
8450.3824871889447 0.020907807804166061
8460.9273776699483 0.020906363200632022
8471.4724907749478 0.020904924058259756
8482.0161721559489 0.020903486659406962
8492.5607353509477 0.020902052060149466
8503.1023158649477 0.020900623035746579
8513.640323447944 0.020899200115505067
8524.1759004149499 0.020897778834877308
8534.7162469099494 0.020896360056698912
8545.2501732419478 0.020894947514464048
8555.7820730459498 0.020893537670736862
8566.3121102429504 0.02089212988973892
8576.8440170579488 0.020890725868041561
8587.3708941569494 0.020889327036544114
8597.8963988829491 0.020887931192046693
8608.420504542948 0.020886541291146657
8618.9452870649475 0.020885154412660752
8629.4745673349462 0.020883769685868556
8639.9984270969435 0.020882386259268554
8650.5200722459413 0.020881004159846853
8661.0424285039408 0.020879626413723824
8671.5627713639406 0.02087825238813467
8682.0804820219419 0.020876879641090706
8692.6004398529403 0.020875508463257191
8703.1168051099448 0.020874141710381707
8713.6327406659402 0.020872778374557598
8724.1516925689357 0.020871417895256556
8734.6625347399386 0.020870063951486818
8745.1650048629381 0.020868715514285693
8755.666974347936 0.02086737024216977
8766.1687348289342 0.020866027750460894
8776.6678448599341 0.020864689808468437
8787.1674762729308 0.020863356141143097
8797.6651159769317 0.020862024572601161
8808.1642781489281 0.020860696392905578
8818.6617915539318 0.020859370204919497
8829.1575896999348 0.02085804720130539
8839.6502078159319 0.020856726875197292
8850.1431752539283 0.020855408064071358
8860.6365102529235 0.020854090489421301
8871.1307414879193 0.020852774142127137
8881.6237217369198 0.020851460570641338
8892.1159674659211 0.020850148400740436
8902.6086333109197 0.020848839863867218
8913.0999889499217 0.020847533617588537
8923.5840170269148 0.020846231052311193
8934.0681235419179 0.020844929711532817
8944.5523996379197 0.020843629572124343
8955.0364061389191 0.020842330622484362
8965.5210470029124 0.020841032861194684
8976.0063151519134 0.020839736426036395
8986.4894859059132 0.020838442413820126
8996.9711512799113 0.020837149728165433
9007.453120631908 0.020835858205901388
9017.9359308969142 0.020834567862194509
9028.4171164599102 0.020833279110472957
9038.8988918519099 0.020831992937175765
9049.3775519919072 0.02083070858714467
9059.8555387689048 0.020829427469036686
9070.3338524829087 0.020828148238929881
9080.8073980659101 0.020826872898377705
9091.278861723913 0.020825600333380205
9101.7522039679097 0.020824329637837664
9112.2230108769072 0.02082306244096932
9122.6936177679017 0.020821796989851798
9133.1731308509043 0.020820532663087074
9143.6456631188994 0.020819269470388264
9154.1137943378999 0.020818007844919651
9164.5784706369013 0.020816750634358196
9175.0378134459024 0.020815496980660552
9185.4950064588993 0.020814247985582766
9195.9533602618976 0.020813001735733073
9206.4129944109009 0.020811757642053751
9216.8712209359001 0.020810514818634909
9227.3315990668998 0.020809273098344273
9237.7900096009034 0.020808032479225184
9248.2486572378984 0.02080679299312926
9258.7075365489 0.020805557019257726
9269.1672670019034 0.02080432425328348
9279.6272330439024 0.020803092924921818
9290.0885144689018 0.020801862675584763
9300.5484526669024 0.020800635723472689
9311.0070366419022 0.020799412120838745
9321.4645895849026 0.020798189593388253
9331.9205088739036 0.020796969485341644
9342.3742970429012 0.020795752865382478
9352.8294520638956 0.02079453759430773
9363.2876374348925 0.02079332391553472
9373.7458936108887 0.020792111296975266
9384.2031689608921 0.020790901355519111
9394.663950698894 0.020789694339601778
9405.1197004128917 0.020788488728030151
9415.5771795148976 0.020787284159343822
9426.0329073298999 0.020786080632137542
9436.4889751388982 0.02078487813598031
9446.9431203139029 0.020783677265506572
9457.3980872469037 0.020782477489039532
9467.853702435903 0.020781279691014155
9478.3082625069001 0.020780084231369522
9488.7596453579026 0.020778891938255637
9499.2129511098974 0.020777702830677258
9509.6625507358985 0.020776517079381746
9520.1138147708989 0.020775333886776066
9530.564101121905 0.020774151715976068
9541.0144691879032 0.020772971757559183
9551.4635610369005 0.020771794567412735
9561.9121426419006 0.020770619133691232
9572.3618374989019 0.020769445361179747
9582.8097849159021 0.020768272732319133
9593.2566556528982 0.020767101100559883
9603.7026110348961 0.020765931362640159
9614.1478405769012 0.020764764023065575
9624.5941802058951 0.020763598661257848
9635.0396614158963 0.020762434808569482
9645.4857531429006 0.020761275789010634
9655.9325004389029 0.020760119692684969
9666.3758707999004 0.02075896506172583
9676.8174559389008 0.020757811577807206
9687.2606289969044 0.020756659069963511
9697.7030301759005 0.020755507531117594
9708.1415712439048 0.020754358379944469
9718.571423422909 0.020753215945531884
9729.0024329739099 0.020752076226215378
9739.4311495319125 0.020750937475453528
9749.8576212419139 0.020749800599806058
9760.2844842849154 0.02074866572569108
9770.7137915649146 0.020747536748886315
9781.1433952579173 0.020746411187590557
9791.5714617139165 0.020745289355020465
9801.992858328922 0.02074416993609034
9812.4142205909229 0.020743051484131834
9822.8371751929226 0.020741935725248704
9833.2586464099222 0.020740821924324769
9843.678969695924 0.020739709122616589
9854.1000418319236 0.020738597285634982
9864.5212518269254 0.020737486396803277
9874.9426988539199 0.020736376455109725
9885.3639277109178 0.020735267463534424
9895.7878039349162 0.02073415941094266
9906.2087237139203 0.020733053635650554
9916.62901361892 0.020731949373735653
9927.0486172599194 0.020730846048259696
9937.4697503169155 0.020729743843178175
9947.8893443399138 0.020728644480280018
9958.3068581659172 0.020727546697144751
9968.7240817999191 0.020726449841290084
9979.1451992509174 0.020725355015256918
9989.562735814914 0.020724262327467789
9999.9759359699165 0.020723173149937043
10010.388908522917 0.02072208489182957
10020.802664662915 0.020720997549847013
10031.21533542691 0.020719911122872189
10041.628900017909 0.020718825599666302
10052.038767648912 0.020717742591285001
10062.449399108911 0.020716661268565105
10072.858654366908 0.020715580846489702
10083.264708353912 0.020714501421315656
10093.670287291912 0.020713423705628356
10104.074581878907 0.02071234732932449
10114.481100823905 0.020711272095404836
10124.884629173903 0.02071019998414949
10135.285616029905 0.020709130098716392
10145.689124857905 0.020708061102969764
10156.090452475903 0.020706993734418387
10166.495479412901 0.020705930321886428
10176.900394340904 0.020704869560240445
10187.302195408905 0.020703809973955638
10197.705858800902 0.020702751263643668
10208.108277610903 0.020701694247810806
10218.512142079904 0.020700638207619786
10228.917865403906 0.020699584690997617
10239.323850904912 0.020698533007809054
10249.726559608913 0.020697484720062487
10260.128720142915 0.020696438584476833
10270.529310174919 0.020695396003378351
10280.930288469921 0.020694357671020212
10291.327224112923 0.020693320234130824
10301.725650110922 0.020692285924976069
10312.123373058923 0.02069125356371608
10322.520109757919 0.020690224361976851
10332.916713450919 0.020689197183150813
10343.313087513918 0.020688170963443647
10353.708935963914 0.020687145611453728
10364.105094215913 0.020686121833997536
10374.502067612913 0.020685098948202269
10384.89766486291 0.020684077060004049
10395.291542611907 0.020683056315734416
10405.689284752909 0.020682036986803369
10416.079683029915 0.020681021079642332
10426.46667786091 0.020680012395865512
10436.853052283914 0.020679004785305669
10447.237966224908 0.020677998795392564
10457.620807614912 0.020676993686677737
10468.007064458907 0.020675990093559873
10478.389445103909 0.020674989872121016
10488.770274432907 0.020673991042896543
10499.152929561911 0.020672994594775951
10509.53521066191 0.020672000333108873
10519.91679599991 0.02067100881312561
10530.295610575908 0.020670021153467933
10540.672956377908 0.020669035659084057
10551.050505721905 0.020668052831621733
10561.426223879906 0.020667074257826521
10571.801890091905 0.02066609719306229
10582.177784708903 0.020665122947814751
10592.552473347903 0.020664150368243518
10602.9244172299 0.020663180041250711
10613.2949279729 0.020662210795670904
10623.664306118895 0.020661243030481974
10634.034063651896 0.020660276552405189
10644.403076975897 0.020659312758412051
10654.773936090896 0.020658351774743712
10665.143216768898 0.020657394455028909
10675.511895871903 0.020656437962577923
10685.881230495906 0.020655482666728724
10696.250901802901 0.020654528284731626
10706.617742134898 0.020653575928699475
10716.985384705898 0.020652624931685081
10727.351470535898 0.020651674750307235
10737.716856576895 0.020650725376345765
10748.081547664893 0.020649777111904851
10758.447659055892 0.020648830468053748
10768.81232804789 0.020647885343416768
10779.172440154885 0.020646944846863274
10789.530524479887 0.020646006009175596
10799.893105765892 0.020645070176826569
10810.254381699888 0.020644135685736781
10820.615137416891 0.020643202206441388
10830.977185774893 0.020642269521710971
10841.336842111894 0.020641337856079012
10851.697076280892 0.020640407039315183
10862.052513716888 0.020639479185982339
10872.40550144689 0.020638552974597737
10882.759401116891 0.020637628061917351
10893.110197491893 0.020636705467017933
10903.459235458897 0.020635784586553563
10913.807496439891 0.020634865256430494
10924.154115481891 0.02063394685279683
10934.503002250894 0.020633030100137603
10944.848676227899 0.020632114168407652
10955.1946683149 0.020631199904320881
10965.541347673898 0.020630286458481299
10975.884432895895 0.020629374137537574
10986.229667358893 0.020628462580962296
10996.575755444894 0.020627551785854001
11006.920665997895 0.020626641981925087
11017.262665632901 0.020625733511707239
11027.603966419898 0.020624826183092099
11037.946446143898 0.020623921911626947
11048.284229480902 0.020623019556203496
11058.619836547907 0.020622119156144796
11068.95470503391 0.02062121965875504
11079.28770719991 0.020620320914844517
11089.62422900091 0.020619423461547236
11099.958283947912 0.020618526945970848
11110.291028548905 0.020617631175197288
11120.625052277908 0.020616736143237932
11130.961406847906 0.020615841852156827
11141.295138869908 0.020614948297576135
11151.630312772912 0.020614055475509378
11161.97128987591 0.020613163387150617
11172.306350573912 0.020612272056736779
11182.639911175909 0.020611383683406748
11192.973832774915 0.020610497252022852
11203.306364519914 0.02060961278412524
11213.638598119913 0.020608730587878758
11223.969115100917 0.020607850205137161
11234.300120571912 0.020606970817376443
11244.631859783913 0.0206060927152928
11254.962279796913 0.020605218180905285
11265.291040450909 0.020604344628784271
11275.619101535915 0.020603471796080016
11285.950000132914 0.020602599680671487
