iter obj
0 0.5
5 0.4270760376416507
10 0.017565266310808705
15 0.0082239159038383271
20 0.0080938692498522535
25 0.0080635910558190093
30 0.008056151254190895
35 0.0080553190649368389
40 0.0080553640136271226
45 0.0080545176169828526
50 0.008054506984151541
55 0.008054468786109532
60 0.0080544694701819644
65 0.0080544606279200244
70 0.0080544623270336121
75 0.0080544605664115785
80 0.0080544600780488168
85 0.0080544597147595067
90 0.0080544597040194989
95 0.0080544597005261249
100 0.0080544596961735042
105 0.0080544596939307114
110 0.0080544596923559017
115 0.0080544596923037819
120 0.0080544596923330779
125 0.0080544596922912121
130 0.0080544596922523162
135 0.0080544596922361086
140 0.0080544596922355119
145 0.0080544596922351268
150 0.0080544596922351181
155 0.0080544596922351025
