iter obj
0 0.011480723178954025
1 0.010189104158860936
2 0.0089072375754085525
3 0.0087547843902913251
4 0.0086290062771388152
5 0.0086100687866313575
6 0.0082623059325323267
7 0.0081642797279657259
8 0.0082156512305758198
9 0.0081036705381376667
10 0.0081026292930301783
11 0.0081893622693690171
12 0.0082571705669160691
13 0.0080928414145886897
14 0.0080733886374619659
15 0.0080675307274958551
16 0.0080802171863102647
17 0.0080649396124449907
18 0.0080646852420180274
19 0.008057776700455186
20 0.008057405178486212
21 0.0080562713871675014
22 0.0080637372659089317
23 0.0080555420609630911
24 0.0080552858803372793
25 0.0080552163277062584
26 0.0080549579912136127
27 0.0080567383665672079
28 0.0080577877720382218
29 0.0080548045878602332
30 0.0080552283851525516
31 0.0080554201309739545
32 0.0080553649046638844
33 0.0080545642718922224
34 0.0080545357255407003
35 0.0080547198674354326
36 0.0080545144900241762
37 0.0080546394645712883
38 0.0080546178653628231
39 0.0080545507113861711
40 0.0080544886525171326
41 0.0080545079160075899
42 0.0080544770199829918
43 0.008054477814721437
44 0.0080544698513196119
45 0.0080544687623877089
46 0.0080546043068778356
47 0.0080544818508268192
48 0.0080544639347806656
49 0.0080545448042258338
50 0.0080544621913078065
51 0.008054463410011108
52 0.008054462396803963
53 0.0080544634272307226
54 0.0080544687823893256
55 0.0080544610343183543
56 0.0080544618537899178
57 0.0080544615562233111
58 0.0080544622936941455
59 0.0080544704241585323
60 0.0080544621272002626
61 0.0080544617781291589
62 0.0080544617236511067
63 0.0080544608150247537
64 0.0080544604193387766
65 0.0080544623253158421
66 0.0080544598000867051
67 0.0080544598148648231
68 0.0080544598044064025
69 0.0080544602920489469
70 0.0080544597680492994
71 0.0080544597700600764
72 0.0080544599737530573
73 0.0080544597249131746
74 0.0080544597162947144
75 0.0080544597146458095
76 0.0080544597844862155
77 0.0080544597039460333
78 0.0080544597162530464
79 0.0080544597160543217
80 0.0080544596983309086
81 0.0080544597010821194
82 0.0080544597805203236
83 0.0080544597100918394
84 0.008054459708487725
85 0.008054459704335196
86 0.0080544597365895289
87 0.0080544596964966814
88 0.0080544596950291297
89 0.0080544597193161309
90 0.008054459692866979
91 0.0080544596931453657
92 0.0080544596935148791
93 0.0080544596927235972
94 0.0080544596941760221
95 0.0080544596952238524
96 0.0080544596932189925
97 0.0080544596927851608
98 0.0080544596924838289
99 0.00805445969244473
100 0.0080544596924722132
101 0.008054459692346045
102 0.0080544596936185132
103 0.0080544596923001165
104 0.0080544596923187196
105 0.008054459692274557
106 0.0080544596922836505
107 0.0080544596923724683
108 0.008054459692278337
109 0.0080544596923379369
110 0.008054459692256339
111 0.0080544596922526544
112 0.0080544596923753306
113 0.0080544596922833816
114 0.0080544596922481494
115 0.0080544596922480245
116 0.0080544596922525191
117 0.0080544596922403067
118 0.0080544596922413215
119 0.0080544596922661141
120 0.0080544596922668774
121 0.0080544596922375068
122 0.0080544596922363185
123 0.0080544596922487461
124 0.0080544596922369049
125 0.0080544596922371495
126 0.0080544596922383794
127 0.0080544596922357964
128 0.0080544596922359959
129 0.0080544596922382701
130 0.0080544596922360861
131 0.0080544596922355223
132 0.0080544596922358554
133 0.0080544596922363376
134 0.0080544596922351771
135 0.0080544596922363636
136 0.0080544596922354997
137 0.008054459692235132
138 0.0080544596922350747
139 0.0080544596922350973
140 0.0080544596922351545
141 0.0080544596922351597
142 0.0080544596922351476
