iter obj
10 0.0138380582581478
20 0.0116979306401984
30 0.0104604594332573
40 0.00967764069623642
50 0.00916698576635099
60 0.00882484295336534
70 0.00859411607069471
80 0.00843585012167791
90 0.00832570152749314
100 0.00824866342210113
110 0.00819397516192504
120 0.00815511719671869
130 0.00812712939424672
140 0.00810692540901874
150 0.00809247329458044
160 0.00808195868030385
170 0.00807431069290961
180 0.00806873032221608
190 0.00806465882343205
200 0.00806183404073257
210 0.00805987626643934
220 0.00805845382712573
230 0.00805741041832836
240 0.00805664032513718
250 0.00805607292149345
260 0.0080556547640624
270 0.00805534540200845
280 0.00805511647520439
290 0.00805494722273769
300 0.00805482180400653
310 0.00805472881466898
320 0.00805465983240409
330 0.00805460861374592
340 0.00805457060807432
350 0.00805454235443924
360 0.00805452134964344
370 0.00805450568299015
380 0.0080544940193751
390 0.00805448533451932
400 0.00805447885522767
410 0.00805447401603229
420 0.00805447040626366
430 0.0080544677098684
440 0.0080544656962491
450 0.00805446419017939
460 0.00805446306229918
470 0.00805446221980779
480 0.00805446158890311
490 0.00805446111553492
500 0.00805446076117251
510 0.00805446049541529
520 0.00805446029596482
530 0.00805446014633754
540 0.00805446003383532
550 0.00805445994941366
560 0.0080544598859044
570 0.00805445983817978
580 0.00805445980224246
590 0.00805445977517473
600 0.00805445975481997
610 0.00805445973947115
620 0.00805445972790075
630 0.00805445971918771
640 0.00805445971261025
650 0.00805445970764626
660 0.00805445970389741
670 0.00805445970106091
680 0.00805445969892023
690 0.00805445969730185
700 0.00805445969607524
710 0.00805445969514795
720 0.00805445969444449
730 0.00805445969391201
740 0.00805445969350841
750 0.0080544596932026
760 0.00805445969297046
770 0.00805445969279438
780 0.00805445969266051
790 0.00805445969255896
800 0.00805445969248177
810 0.00805445969242304
820 0.00805445969237831
830 0.00805445969234427
840 0.00805445969231839
850 0.00805445969229865
860 0.0080544596922836
870 0.00805445969227214
880 0.0080544596922634
890 0.00805445969225671
900 0.00805445969225161
910 0.00805445969224773
920 0.00805445969224475
930 0.00805445969224248
940 0.00805445969224074
950 0.00805445969223939
960 0.00805445969223837
970 0.00805445969223759
980 0.00805445969223701
990 0.00805445969223654
1000 0.0080544596922362
