iter obj
0 0.040554645720512025
1 0.038908317550900601
2 0.031677824641122107
3 0.028388471520458182
4 0.026073203461155853
5 0.024424639911809747
6 0.02317830291952238
7 0.022199410968608665
8 0.021406402138489673
9 0.020748906304999995
10 0.020191463218450924
11 0.019711731690945433
12 0.019292770208295403
13 0.018922792197370079
14 0.018592807609367077
15 0.018295911660687031
16 0.018026656264262999
17 0.017780688150446349
18 0.017554762606881758
19 0.017346106047174938
20 0.017152465699434304
21 0.016971989284092989
22 0.016803300923663816
23 0.016645013718203736
24 0.016496057528567577
25 0.016355392085967313
26 0.016222272128139779
27 0.016096037711226713
28 0.015976043684526296
29 0.015861681792436726
30 0.015752542875367797
31 0.015648232781336473
32 0.015548297523990159
33 0.015452449340465902
34 0.015360370460923818
35 0.015271807088290075
36 0.015186546333741304
37 0.015104395130123011
38 0.015025090683085293
39 0.014948488481789278
40 0.014874423041790081
41 0.014802674787492443
42 0.01473313948667678
43 0.014665690759307149
44 0.014600230100186353
45 0.014536666991037027
46 0.014474855024891544
47 0.014414713729380987
48 0.014356157259149679
49 0.014299130585834586
50 0.014243554046573023
51 0.014189337472542054
52 0.014136441489475533
53 0.014084795957472586
54 0.014034320804730669
55 0.013984962753269577
56 0.013936699496453032
57 0.013889473484402266
58 0.013843240527261044
59 0.013797949713217872
60 0.013753560385145492
61 0.013710061027709166
62 0.013667413932849561
63 0.013625595711192607
64 0.013584567822493539
65 0.013544297450146363
66 0.013504755610268589
67 0.013465935743761107
68 0.013427803193156358
69 0.013390346376678514
70 0.013353547996778879
71 0.013317379959557526
72 0.013281815090814261
73 0.013246847624955515
74 0.013212424673247375
75 0.01317853650348568
76 0.013145168077949833
77 0.013112309740087895
78 0.0130799431840465
79 0.013048062332671261
80 0.013016647194316533
81 0.012985692901227631
82 0.012955187612253767
83 0.012925137249039435
84 0.012895505822406615
85 0.012866288562617036
86 0.012837458151686144
87 0.01280903162873959
88 0.012780993812246781
89 0.012753318972086243
90 0.012725996924576134
91 0.012699027903843868
92 0.012672402685692108
93 0.012646105581312655
94 0.012620148940538258
95 0.012594505392708677
96 0.012569180729986295
97 0.012544169254091707
98 0.012519463653049557
99 0.012495059729735112
100 0.012470937324769685
101 0.012447088328798551
102 0.012423511699546445
103 0.012400196282014239
104 0.012377146732041804
105 0.012354348789582716
106 0.012331800102742768
107 0.012309501480072099
108 0.012287456554820241
109 0.012265651775584457
110 0.012244087251540976
111 0.012222749746615665
112 0.012201639001492563
113 0.012180756460037578
114 0.012160079639820605
115 0.012139615745761117
116 0.012119365033192765
117 0.012099318715940459
118 0.012079465673986867
119 0.012059823888694823
120 0.012040373056367253
121 0.01202111875967434
122 0.012002055978759541
123 0.011983170035900931
124 0.011964466552100964
125 0.011945934835849836
126 0.01192757259495039
127 0.011909377510074218
128 0.011891346359301015
129 0.011873490942736972
130 0.011855813514392117
131 0.011838290078329698
132 0.011820933008158802
133 0.011803746028145903
134 0.0117867187920268
135 0.011769842853492892
136 0.011753120887076295
137 0.011736545785900519
138 0.011720116554087103
139 0.011703836942005465
140 0.011687702528040382
141 0.011671706583192061
142 0.011655863870934429
143 0.011640163788494388
144 0.011624605122420003
145 0.011609172139847737
146 0.011593866593572201
147 0.011578696852747039
148 0.011563652822141746
149 0.011548729383186391
150 0.0115339283894036
151 0.011519246200485061
152 0.011504687274783217
153 0.011490250272673797
154 0.011475934209841134
155 0.011461742561006762
156 0.011447665571450334
157 0.011433701790289425
158 0.011419850256004931
159 0.011406111500161404
160 0.01139248044880747
161 0.011378959164126014
162 0.0113655436813447
163 0.01135222849727331
164 0.01133902160643503
165 0.011325921465582346
166 0.011312924681849445
167 0.011300032050136818
168 0.011287255384401253
169 0.011274580209057201
170 0.011261997897276685
171 0.011249504299712599
172 0.011237102816660051
173 0.011224789181406425
174 0.011212570438424994
175 0.011200443674645457
176 0.011188407620502843
177 0.01117645938559535
178 0.011164598348294015
179 0.011152826664461048
180 0.011141137710317908
181 0.011129532805255488
182 0.01111801222811825
183 0.011106572916204187
184 0.011095215262808447
185 0.011083943565553662
186 0.01107274831707932
187 0.011061636063686649
188 0.011050604367790814
189 0.011039648730773998
190 0.011028770681045481
191 0.011017965071612221
192 0.011007245638403676
193 0.010996599346780761
194 0.010986022773539878
195 0.010975515051941194
196 0.010965072310463453
197 0.010954702136698111
198 0.010944406266996075
199 0.010934178452145296
200 0.010924019916372941
201 0.01091392641913044
202 0.010903898388056103
203 0.010893933708789763
204 0.010884034833009832
205 0.010874199726438763
206 0.010864427006064156
207 0.010854715550068656
208 0.010845065232260066
209 0.010835476196490937
210 0.010825950835077943
211 0.010816491037500119
212 0.01080709017524405
213 0.010797747478048179
214 0.010788465997951031
215 0.010779247942324294
216 0.010770091213899564
217 0.010760994468818164
218 0.010751958073455133
219 0.010742981610658918
220 0.010734058748822464
221 0.010725191461587567
222 0.010716384670420881
223 0.010707633709093688
224 0.010698933563050735
225 0.010690285099915044
226 0.010681690090518193
227 0.010673144618762526
228 0.010664648438145134
229 0.010656204536327067
230 0.010647809883571764
231 0.010639462883590523
232 0.010631168064682677
233 0.010622925483396153
234 0.010614731257491907
235 0.010606587924512266
236 0.010598489526822807
237 0.010590436374034135
238 0.010582430449892597
239 0.010574472379887671
240 0.010566561083390864
241 0.010558698135183408
242 0.010550886119043036
243 0.010543120769260523
244 0.010535400215288444
245 0.010527725810714126
246 0.010520100407079815
247 0.010512520614662521
248 0.010504987837011667
249 0.010497498344483854
250 0.010490054569494941
251 0.010482655632952953
252 0.010475296638726206
253 0.010467979368366286
254 0.010460702661810787
255 0.010453468533230675
256 0.010446274973026581
257 0.010439120836546825
258 0.010432012119674195
259 0.010424941771000555
260 0.010417909227532475
261 0.010410913583365891
262 0.01040395843080371
263 0.010397041499762069
264 0.010390162381325849
265 0.010383323494535038
266 0.010376523886237138
267 0.01036975982392669
268 0.010363032309055583
269 0.010356338927114479
270 0.010349680751600782
271 0.010343062906071097
272 0.010336480034454238
273 0.010329935187037899
274 0.010323425988800559
275 0.010316956018525255
276 0.010310522978856497
277 0.01030412652557974
278 0.010297763051281909
279 0.010291431140263752
280 0.010285136596820014
281 0.010278879040015934
282 0.01027265620339889
283 0.010266466268940778
284 0.010260306514728543
285 0.010254176661778858
286 0.010248080098263668
287 0.010242021063390354
288 0.010235994595941975
289 0.010229998130831855
290 0.010224030882789533
291 0.010218095852820127
292 0.010212191161678267
293 0.010206314868635413
294 0.01020047022824587
295 0.010194661569716075
296 0.010188884096327658
297 0.010183139010761186
298 0.010177424459217412
299 0.01017174477297325
300 0.010166092805843038
301 0.010160470797212662
302 0.010154876617635736
303 0.010149311088799023
304 0.01014377272883637
305 0.010138262226728371
306 0.010132779730551947
307 0.010127323096160757
308 0.010121896078010484
309 0.010116496689018538
310 0.01011112981880411
311 0.010105787288392957
312 0.010100469590066339
313 0.01009517699734693
314 0.010089908901498631
315 0.010084667091068757
316 0.010079450374210604
317 0.010074257000453044
318 0.010069087024731277
319 0.010063941161683835
320 0.010058819568238717
321 0.010053723970823426
322 0.010048651361411278
323 0.010043602087462449
324 0.010038576977377013
325 0.010033574036953631
326 0.010028593283508639
327 0.010023635415392074
328 0.010018704414224887
329 0.01001379502216471
330 0.010008907589855591
331 0.01000404344026643
332 0.0099992035721671972
333 0.0099943870434415268
334 0.0099895916447564174
335 0.0099848171840631311
336 0.0099800653601224004
337 0.0099753346613665507
338 0.0099706269203390773
339 0.0099659432200342579
340 0.0099612866755929702
341 0.0099566554204445698
342 0.0099520476670270711
343 0.0099474606469057668
344 0.0099428956032875052
345 0.0099383511354046872
346 0.0099338283382036947
347 0.0099293274555041361
348 0.0099248457431169758
349 0.0099203838455093965
350 0.0099159422431955441
351 0.0099115209505538128
352 0.0099071184057352626
353 0.009902735692824606
354 0.0098983725128486289
355 0.0098940304503632587
356 0.0098897071625280702
357 0.0098854045352725645
358 0.0098811217775381793
359 0.0098768595471649782
360 0.0098726160730923315
361 0.0098683912434662322
362 0.0098641854142759028
363 0.0098599976232341454
364 0.0098558269140749527
365 0.009851676344758465
366 0.0098475466020292498
367 0.0098434343852664384
368 0.0098393398007838844
369 0.0098352630484744349
370 0.009831203007672866
371 0.009827160065484097
372 0.0098231333701468936
373 0.0098191225885734292
374 0.0098151286132079924
375 0.0098111514130957023
376 0.0098071913637099006
377 0.0098032495279478764
378 0.0097993260770824608
379 0.0097954192437660799
380 0.0097915284144301767
381 0.009787654024950557
382 0.0097837957676773571
383 0.0097799526522873506
384 0.0097761242369991622
385 0.0097723123343678199
386 0.0097685170348780718
387 0.009764737081551917
388 0.0097609734783585343
389 0.0097572262384445965
390 0.0097534937459656055
391 0.0097497758732740403
392 0.009746071517283782
393 0.0097423818735985334
394 0.0097387084380460807
395 0.0097350491244184087
396 0.0097314034904793442
397 0.0097277725126155724
398 0.0097241556067785805
399 0.0097205526010049354
400 0.0097169628565815461
401 0.0097133874281399146
402 0.0097098262257457359
403 0.0097062787432333451
404 0.0097027450984542123
405 0.0096992246644592855
406 0.0096957176377985756
407 0.009692225002684034
408 0.0096887460785188631
409 0.0096852810025003684
410 0.0096818293585862851
411 0.0096783903439276609
412 0.0096749642390733959
413 0.0096715513997183387
414 0.0096681525146299317
415 0.0096647675113210769
416 0.0096613954539683938
417 0.0096580375209244784
418 0.0096546931993433099
419 0.0096513630098129556
420 0.0096480455880949053
421 0.0096447409956782436
422 0.0096414493250942257
423 0.0096381709488740728
424 0.0096349042542265197
425 0.0096316486412987359
426 0.0096284054306060886
427 0.0096251758993720713
428 0.0096219599118717442
429 0.0096187595550460744
430 0.0096155718204532087
431 0.0096123972256020457
432 0.0096092347617282806
433 0.0096060837649962066
434 0.0096029437040565414
435 0.009599814573006453
436 0.0095966969133004371
437 0.0095935936343659808
438 0.0095905012722472902
439 0.0095874196043718336
440 0.0095843503956498759
441 0.0095812940959514124
442 0.0095782497199217113
443 0.0095752195961044274
444 0.0095721998744489837
445 0.0095691910890664846
446 0.0095661944352141565
447 0.0095632102985616831
448 0.0095602365426252535
449 0.0095572733497081772
450 0.0095543199111782773
451 0.0095513777321894963
452 0.0095484459566546852
453 0.009545524561473796
454 0.0095426140036651876
455 0.0095397144088637618
456 0.0095368248096080136
457 0.0095339458110131545
458 0.0095310777884316539
459 0.0095282198092110967
460 0.0095253707002795947
461 0.0095225306458283435
462 0.0095197010641098149
463 0.0095168817328668553
464 0.0095140714027475322
465 0.0095112702109412545
466 0.0095084787346929236
467 0.0095056980256437197
468 0.0095029269921566503
469 0.0095001659050344273
470 0.0094974142228326647
471 0.0094946726078868598
472 0.0094919414936189984
473 0.0094892208936912855
474 0.0094865103626378885
475 0.0094838087894047931
476 0.0094811170767827701
477 0.0094784345811666955
478 0.0094757612417706912
479 0.0094730968374161818
480 0.009470442505107729
481 0.0094677983821653319
482 0.0094651637821156782
483 0.0094625378675488626
484 0.0094599216345491333
485 0.00945731411128088
486 0.0094547163368467347
487 0.0094521289057294747
488 0.0094495501354623507
489 0.0094469799405028747
490 0.0094444189823229118
491 0.0094418675536448744
492 0.0094393247534384529
493 0.0094367901195264933
494 0.0094342646239200904
495 0.0094317466573789407
496 0.0094292368970853094
497 0.0094267359163096084
498 0.0094242428351201148
499 0.0094217586660776294
500 0.0094192822754866658
501 0.0094168138952790241
502 0.0094143537907889312
503 0.0094119029620083599
504 0.0094094603681621238
505 0.0094070254772620453
506 0.0094046000644595774
507 0.0094021827243389935
508 0.0093997739015915602
509 0.0093973735679435261
510 0.0093949823179432772
511 0.0093925990111825477
512 0.0093902229738803706
513 0.009387854591440108
514 0.0093854935121621755
515 0.009383139341266394
516 0.0093807921382686125
517 0.0093784526961861441
518 0.0093761206348718391
519 0.0093737960032063763
520 0.0093714780987270273
521 0.0093691672715782645
522 0.0093668631507996848
523 0.0093645670537002342
524 0.0093622775307695364
525 0.0093599946766636712
526 0.0093577191654908663
527 0.0093554505314125437
528 0.0093531883841054958
529 0.009350934098654496
530 0.0093486866184270302
531 0.0093464459385595739
532 0.0093442157136067114
533 0.0093419929212235492
534 0.0093397782856121138
535 0.0093375708332387244
536 0.0093353696667225882
537 0.0093331748645698806
538 0.009330986901559769
539 0.0093288075948613821
540 0.0093266345637019708
541 0.0093244685694646792
542 0.0093223084443641527
543 0.009320154555222275
544 0.0093180069209298343
545 0.0093158662682837085
546 0.0093137318108629779
547 0.0093116032988149432
548 0.0093094807188798725
549 0.0093073639059466501
550 0.0093052534524227983
551 0.0093031489701352089
552 0.0093010509197861135
553 0.0092989587510679053
554 0.0092968722123767042
555 0.0092947914530767915
556 0.0092927169399925711
557 0.0092906481745773511
558 0.0092885854405550094
559 0.0092865298017718399
560 0.0092844801131347927
561 0.0092824363094660949
562 0.0092803983778131614
563 0.0092783662631120978
564 0.0092763403920281592
565 0.0092743206219796578
566 0.0092723073775907907
567 0.0092703001272293716
568 0.00926829870658126
569 0.009266304077101337
570 0.0092643152226799998
571 0.009262332652611149
572 0.0092603552468412623
573 0.0092583830499346695
574 0.0092564167848481396
575 0.0092544562488069155
576 0.0092525008741344648
577 0.0092505517501276016
578 0.0092486090805220678
579 0.0092466715488791016
580 0.0092447399064937881
581 0.0092428154218252932
582 0.0092408974994582765
583 0.0092389852408668784
584 0.0092370783994622924
585 0.0092351763045636776
586 0.0092332787652349181
587 0.0092313861371975375
588 0.0092294987234636337
589 0.0092276166446821021
590 0.0092257394446874103
591 0.0092238677624235498
592 0.0092220012487396318
593 0.0092201399379799095
594 0.0092182834740764472
595 0.009216432187289245
596 0.0092145868471877942
597 0.0092127473064027663
598 0.0092109128156698961
599 0.0092090829763669824
600 0.0092072577176455575
601 0.0092054373099604951
602 0.0092036221164136997
603 0.0092018124744237869
604 0.0092000081420721882
605 0.0091982086285850723
606 0.0091964140322374193
607 0.0091946241458211019
608 0.0091928385912933702
609 0.0091910576289422567
610 0.0091892816524001102
611 0.0091875098366847856
612 0.009185742432064721
613 0.0091839792789471953
614 0.0091822208463244962
615 0.0091804664354601731
616 0.0091787174939048626
617 0.0091769733225522537
618 0.0091752343804552793
619 0.0091735008705206064
620 0.009171773113349083
621 0.0091700502807630212
622 0.0091683335644842587
623 0.0091666218224606185
624 0.009164915242304705
625 0.0091632130693326264
626 0.0091615162354233993
627 0.0091598245958312199
628 0.0091581376454843589
629 0.0091564550737554939
630 0.0091547770323746336
631 0.0091531043886190384
632 0.0091514359008615983
633 0.0091497714258972733
634 0.0091481108359860713
635 0.0091464544762282201
636 0.0091448028229636786
637 0.0091431555290109132
638 0.009141512438780702
639 0.0091398732344092522
640 0.0091382384775829384
641 0.009136607960316066
642 0.0091349822230293275
643 0.009133360671598827
644 0.0091317434052439871
645 0.0091301305003088553
646 0.0091285227079924321
647 0.0091269187296474704
648 0.0091253184932251416
649 0.0091237223538054701
650 0.0091221308403414882
651 0.0091205434661727949
652 0.009118960018434711
653 0.0091173806957630527
654 0.0091158051115180234
655 0.0091142341437047674
656 0.0091126680370843694
657 0.0091111060585326344
658 0.0091095480090442257
659 0.0091079936597776266
660 0.0091064437069903834
661 0.009104898042811442
662 0.0091033559135069771
663 0.0091018175404237994
664 0.0091002828877196247
665 0.0090987520398011432
666 0.0090972249779398291
667 0.009095701767182501
668 0.0090941825030917342
669 0.0090926667882044749
670 0.0090911544920776223
671 0.0090896456370362765
672 0.0090881405558243932
673 0.009086638879703738
674 0.0090851408960549076
675 0.0090836470777249968
676 0.0090821569922741544
677 0.0090806704013365203
678 0.0090791873537681752
679 0.0090777079889923402
680 0.0090762322157750853
681 0.0090747599334403579
682 0.0090732920462748539
683 0.009071828127043307
684 0.0090703675920276033
685 0.0090689121173619623
686 0.0090674603307997342
687 0.0090660120141590108
688 0.0090645670930757007
689 0.0090631259686430529
690 0.0090616890533565791
691 0.0090602559733286465
692 0.0090588260066387302
693 0.0090573994835648763
694 0.0090559768148899388
695 0.009054557390358639
696 0.0090531414643609774
697 0.0090517293126652198
698 0.0090503211779260264
699 0.0090489171771137335
700 0.0090475162776538099
701 0.0090461187948281587
702 0.0090447251254728734
703 0.0090433352697112356
704 0.0090419484751700693
705 0.0090405647760145886
706 0.0090391840370393946
707 0.009037806420583043
708 0.0090364320474544003
709 0.0090350607844021224
710 0.0090336927175193576
711 0.0090323276371260721
712 0.0090309653418307444
713 0.0090296064456410474
714 0.0090282506430883099
715 0.0090268982178232995
716 0.0090255489359615578
717 0.0090242029393947515
718 0.009022859591383563
719 0.0090215196927540646
720 0.0090201834591572567
721 0.0090188503318494196
722 0.0090175199102251885
723 0.0090161924108780392
724 0.0090148675761365076
725 0.009013545370457109
726 0.0090122264021284815
727 0.0090109101302197382
728 0.0090095964897761623
729 0.009008285534441704
730 0.0090069776231087289
731 0.009005672779858408
732 0.0090043711821023546
733 0.0090030723196977067
734 0.0090017764130026229
735 0.0090004832214351724
736 0.0089991930304195288
737 0.0089979054502586277
738 0.0089966204272372528
739 0.0089953380943840495
740 0.0089940588325653006
741 0.0089927825545065582
742 0.0089915090730271034
743 0.0089902381072198279
744 0.0089889698602873911
745 0.0089877047954125041
746 0.008986442461396368
747 0.0089851831210639079
748 0.0089839267091952092
749 0.0089826735202411696
750 0.0089814233283649694
751 0.0089801758055927192
752 0.0089789311235097397
753 0.0089776898764637077
754 0.0089764513840554436
755 0.0089752157642590553
756 0.0089739827444205705
757 0.008972752311774107
758 0.0089715244785453525
759 0.0089703002359449967
760 0.0089690797253556866
761 0.0089678618846185387
762 0.0089666470512050466
763 0.008965435175660565
764 0.008964225637626326
765 0.0089630183774735053
766 0.0089618135464626866
767 0.0089606115723983824
768 0.0089594125099299905
769 0.0089582163080436806
770 0.0089570236594901567
771 0.0089558332520200453
772 0.0089546452416212237
773 0.0089534596263092219
774 0.0089522768005229451
775 0.0089510961527673669
776 0.008949917789105373
777 0.0089487416379552907
778 0.0089475679360773875
779 0.0089463973191279498
780 0.0089452301839903544
781 0.0089440655735547846
782 0.0089429031076865128
783 0.0089417430431325638
784 0.0089405851399207391
785 0.008939429650714625
786 0.0089382763837282178
787 0.0089371254279747674
788 0.0089359770854795639
789 0.0089348311790120906
790 0.0089336878366494017
791 0.0089325468230453085
792 0.0089314084430219716
793 0.0089302723143399772
794 0.0089291395250046795
795 0.0089280089781961294
796 0.0089268808013204335
797 0.0089257548423457515
798 0.00892463146326547
799 0.0089235105305352294
800 0.0089223925436522598
801 0.0089212771926230148
802 0.0089201639257750175
803 0.0089190534254387013
804 0.0089179456073271123
805 0.0089168404888597397
806 0.008915738014120619
807 0.0089146378660806859
808 0.0089135401501729185
809 0.0089124445914346116
810 0.008911351462426418
811 0.0089102609293583105
812 0.0089091725758378426
813 0.0089080872968897041
814 0.0089070049219048004
815 0.0089059248087693475
816 0.008904846758563071
817 0.008903770937890982
818 0.0089026976200751243
819 0.0089016262276922567
820 0.0089005568300041596
821 0.0088994894441358774
822 0.0088984247914516874
823 0.0088973621668452397
824 0.0088963018539177686
825 0.0088952440362095059
826 0.0088941879354408147
827 0.0088931335556997389
828 0.0088920818192416949
829 0.0088910320301901387
830 0.0088899842839568737
831 0.0088889387294445663
832 0.0088878952673653797
833 0.0088868541177463661
834 0.0088858149054604728
835 0.0088847778600937947
836 0.0088837431896299866
837 0.00888271081160363
838 0.0088816804612687743
839 0.0088806522220145744
840 0.0088796264749938601
841 0.0088786029391873852
842 0.0088775812887137481
843 0.008876562092127423
844 0.0088755451199632358
845 0.0088745297682046066
846 0.0088735165017536886
847 0.008872506073833818
848 0.0088714974715519528
849 0.0088704908545409727
850 0.008869486720614269
851 0.0088684843520153971
852 0.0088674843311792647
853 0.0088664860359468911
854 0.0088654898469460626
855 0.0088644957668761581
856 0.0088635038624448031
857 0.00886251382317901
858 0.008861525909330108
859 0.0088605395334887174
860 0.0088595547634763572
861 0.0088585716907826975
862 0.0088575902020970494
863 0.0088566104139202635
864 0.0088556325753747622
865 0.0088546572324312515
866 0.0088536846499424442
867 0.008852713568413613
868 0.0088517439588877839
869 0.0088507765810337709
870 0.0088498110649576356
871 0.00884884737977535
872 0.0088478854861976305
873 0.0088469257615180295
874 0.0088459687420597323
875 0.0088450134694280733
876 0.0088440598776965904
877 0.0088431080765200495
878 0.0088421578276991625
879 0.0088412090294656409
880 0.0088402619023411691
881 0.0088393170545742403
882 0.0088383746039643885
883 0.0088374339375679317
884 0.0088364952482606774
885 0.0088355590553203626
886 0.0088346243588821594
887 0.0088336914694536021
888 0.0088327604897904394
889 0.0088318312945398509
890 0.0088309038441296128
891 0.0088299777600719213
892 0.0088290532652105375
893 0.0088281308296433662
894 0.0088272103932964894
895 0.0088262913463205382
896 0.0088253737560008531
897 0.0088244577996312752
898 0.008823543514199738
899 0.0088226308537004312
900 0.0088217196088379579
901 0.0088208105101116215
902 0.0088199037088713059
903 0.0088189987070109079
904 0.0088180953888155247
905 0.0088171938372903561
906 0.008816293770756262
907 0.0088153950399071247
908 0.0088144977022759727
909 0.0088136022919639827
910 0.0088127085117415006
911 0.0088118160660167321
912 0.0088109250920879578
913 0.008810035470973478
914 0.0088091472921000002
915 0.0088082604727381577
916 0.0088073750969153014
917 0.0088064911891480302
918 0.0088056088253099744
919 0.0088047280662415014
920 0.008803848780267862
921 0.0088029709017066315
922 0.0088020943193166893
923 0.0088012190294645236
924 0.0088003454125020059
925 0.0087994730939075106
926 0.008798603483486973
927 0.0087977362449786316
928 0.0087968708394168833
929 0.0087960068335343911
930 0.0087951443466755107
931 0.0087942834178320779
932 0.0087934242030695449
933 0.0087925670160859653
934 0.0087917110934755092
935 0.0087908566374771055
936 0.0087900036606707276
937 0.0087891521590719897
938 0.0087883020380156406
939 0.0087874533811070996
940 0.0087866060424189197
941 0.0087857600641129026
942 0.0087849156082957999
943 0.0087840724509421209
944 0.0087832307794700071
945 0.0087823905246494915
946 0.0087815518757630162
947 0.0087807148238935387
948 0.0087798793779259709
949 0.0087790452967821536
950 0.0087782125134968168
951 0.0087773810020415569
952 0.0087765507137580207
953 0.0087757216222161677
954 0.008774893860257359
955 0.0087740675336175928
956 0.0087732423987738704
957 0.0087724187330437565
958 0.008771596449512779
959 0.0087707753664867591
960 0.0087699557621138072
961 0.0087691373942818587
962 0.0087683202747292702
963 0.0087675044415214745
964 0.0087666898446841137
965 0.0087658768586513676
966 0.0087650652855664115
967 0.0087642552161781642
968 0.0087634467958886565
969 0.0087626399046808242
970 0.008761834425706945
971 0.0087610302778391869
972 0.0087602278478829745
973 0.0087594271025823785
974 0.0087586276872910675
975 0.0087578295029150828
976 0.0087570328666015142
977 0.0087562378487683473
978 0.0087554440960544797
979 0.008754651584447706
980 0.0087538606558228808
981 0.0087530709755176753
982 0.0087522826645458005
983 0.008751495999116489
984 0.0087507105856553247
985 0.0087499262205814887
986 0.0087491429005637344
987 0.0087483608123148284
988 0.0087475799345979599
989 0.0087468002569057492
990 0.0087460216688788998
991 0.008745244102106418
992 0.0087444675464782781
993 0.0087436920582583399
994 0.0087429178705454146
995 0.0087421452452179586
996 0.0087413738743394136
997 0.0087406036211658562
998 0.0087398343655888909
999 0.008739066491247378
