time obj
0.0011742749993572943 0.5
0.014858955008094199 0.5
0.45988857399788685 0.035285110632105113
5.2528495219958131 0.011039452673109821
6.7052220049954485 0.0076211318247255758
8.1146965849620756 0.0068683883170024065
9.4446948079639697 0.0067516614110906918
10.785985574955703 0.0065672354773452582
12.067038424946077 0.0065115507969648176
13.355228230939247 0.0064073013103394111
14.629954281932442 0.0063727661621233063
15.864985398919089 0.0063365449812133878
17.073965277915704 0.0062984431062423751
18.268382863905572 0.0063078720365155657
19.438712284900248 0.006250449710128214
20.603215850918787 0.0062318889589274198
21.752042128930043 0.0062341194684713318
22.898200728923257 0.0062318605938318887
24.013767396958428 0.0062211080504290441
25.131315728969639 0.0062022600480531919
26.259239141938451 0.0061929250682198501
27.371031168921036 0.006184626250618888
28.460573843934981 0.0061925047492684803
29.55609667293902 0.0061774815252409404
30.640522776928265 0.0061762871105579637
31.724313892911596 0.006172710282784712
32.81546790592256 0.0061713048077358251
33.899005404928175 0.0061695784385247107
34.985144767917518 0.0061684328242439376
36.043523649932467 0.0061671848406835575
37.110637621939532 0.0061658869021775729
38.169459918979555 0.0061729070654611539
39.228845928962983 0.0061658449462170077
40.275755468981515 0.006164133327433801
41.330785203972482 0.0061665750407148374
42.393473096977687 0.0061638411605699764
43.447341495957517 0.0061635998239418692
44.501476055964304 0.0061628710737480471
45.545542137973825 0.0061631625403579006
46.597041490967968 0.0061624176125954734
47.635581590948277 0.0061638592134499407
48.680600965941267 0.0061622863051777792
49.732444356937776 0.0061617787458224538
50.767091905931011 0.006161872359944533
51.803850920936384 0.0061622015933570189
52.847232335974695 0.0061624156446634035
53.889116279984592 0.0061619432439480931
54.931422790970828 0.0061617217808666381
55.968768229962734 0.0061612557853042123
57.013525838956411 0.0061612574291759073
58.06289006795123 0.0061612927102958235
59.095034169971768 0.0061611278102899868
60.138539005973144 0.0061611779246915875
61.173554035965935 0.006161337840395343
62.219664438962354 0.006161273456265254
63.252076894961647 0.0061610452838341883
64.288451597960375 0.0061610624286318368
65.319357572974695 0.0061614849404229627
66.350544426961278 0.0061609892258375869
67.378366590965015 0.0061609717328680313
68.413155344947882 0.0061609710897087763
69.437975544940855 0.006160959794058167
70.468746645929059 0.0061609756780613319
71.492460307919828 0.0061609761389972177
72.51684514691442 0.0061610291133796799
73.540073063937598 0.0061609914184621098
74.564242149965139 0.006161185819985429
75.590685947958264 0.0061609528931728993
76.617619578966696 0.006160910790496181
77.641002324962756 0.0061609058820988119
78.670571410948469 0.0061609382809822595
79.698708412935957 0.0061609089413217615
80.722852038925339 0.0061609145092944712
81.749929341916868 0.0061608951677941297
82.776871553898673 0.0061608892719361126
83.799921706900932 0.0061608914628188535
84.826415389892645 0.006160886715695351
85.84979195590131 0.006160888750680168
86.872667419906065 0.0061608930673727027
87.894279420892417 0.0061608831811459019
88.916556852869689 0.0061608820182302093
89.939270429895259 0.0061609092225350243
90.961143393891689 0.0061608809368106678
91.987140546894807 0.0061608855515743206
93.014481269907265 0.0061608797740833696
94.041983794893895 0.0061608805361932821
95.070774750878627 0.0061608933845829893
96.098074258879933 0.0061608821765113796
97.123340000893222 0.006160892998298596
98.149006580897549 0.0061608892984512369
99.172889712906908 0.0061608798695407287
100.20043671188614 0.0061608855182926688
101.22839437086805 0.0061608799331229836
102.25593247186043 0.0061608777004151143
103.28484444785863 0.0061608775590531297
104.31016608884966 0.0061608870117712041
105.33820463783923 0.0061608790215751559
106.3644431888315 0.0061608767112781848
107.39274689183367 0.0061608769027346267
108.42164051285363 0.0061608765644787381
109.44626203486405 0.0061608766445835185
110.46710878385056 0.0061608770758847589
111.4888761838738 0.0061608763714767843
112.51007038888929 0.006160876445258358
113.5315646888921 0.0061608773246560862
114.57945891789859 0.0061608761847519872
115.60102120490046 0.006160876159803077
116.62211161189043 0.0061608764766852321
117.66343816687731 0.0061608760838033419
118.68499568688276 0.0061608764682955534
119.70650626789575 0.0061608767671257267
120.72992603890452 0.006160877153042821
121.75115532189375 0.0061608760351615499
122.78039192588039 0.0061608760258267947
123.80172531888093 0.0061608759626658452
124.82222532788728 0.0061608759776699967
125.84254932788463 0.0061608764300773314
126.8635822959186 0.0061608764711356973
127.88325557194185 0.006160875929599568
128.90327623993653 0.0061608762934134897
129.92530634493596 0.0061608764035336883
130.94492406689824 0.0061608759250785282
131.96459597493231 0.0061608759849017024
132.99094371291721 0.0061608760908656076
134.02084649891185 0.006160875908704724
135.04818245892238 0.0061608759988772879
136.07386188892997 0.0061608759372618355
137.09996430392493 0.0061608759339300892
138.12554572591762 0.0061608759736572587
139.18030252391327 0.0061608759991441135
140.20881422093225 0.0061608759397601643
141.2353356749154 0.0061608759744934865
142.26334790392139 0.00616087587534368
143.29137992690812 0.0061608758740975336
144.31642146989907 0.006160875879122253
145.34431595491333 0.0061608758724823621
146.37199529992358 0.0061608759474101491
147.39880169793469 0.0061608758692240457
148.42741787191335 0.0061608758680194043
149.45407602791238 0.0061608758925548986
150.47721131288563 0.0061608758661286425
151.49914215890021 0.0061608758726475043
152.52047949290863 0.0061608758757503114
153.54175675390434 0.0061608758649951169
154.56407496789325 0.0061608758638650668
155.58641369988618 0.0061608759115882091
156.60788567788404 0.0061608758730341186
157.63131883687311 0.0061608758639459943
158.65283560087846 0.0061608758637074282
159.67461471389106 0.0061608758646816428
160.6985706788837 0.0061608758675924368
161.72059037687723 0.0061608758847792686
162.747777204866 0.0061608758641265825
163.77143704785703 0.0061608758923360138
164.79257844284439 0.0061608758700795177
165.81336223684048 0.0061608758630422181
166.83431135882711 0.0061608758655561438
167.85474338281347 0.0061608758700193011
168.87576019982225 0.0061608758634199715
169.89716433782451 0.006160875871766616
170.91830032680446 0.0061608758614486682
171.93959380480374 0.0061608758610553838
172.96149703081755 0.0061608758610389074
173.98738755781233 0.0061608758652286905
175.01587485182972 0.0061608758611470665
176.04309202283184 0.0061608758620230802
177.06995692582859 0.0061608758608228537
178.09454024682054 0.006160875862337825
179.11705473680922 0.0061608758615188872
180.14321641482093 0.0061608758607293226
181.17197680184472 0.0061608758608056582
182.19826019183529 0.0061608758606309186
183.22554117383697 0.0061608758606200333
184.25259544185246 0.0061608758606231957
185.27916555583943 0.0061608758611851654
186.30636974686058 0.006160875861235383
187.33224700486608 0.0061608758606691693
188.36109112187114 0.0061608758609988361
189.38887012487248 0.0061608758606920798
190.41144382685889 0.0061608758617345428
191.43362974288175 0.0061608758620732571
192.4548610058846 0.0061608758608223237
193.47704376688489 0.0061608758606591131
194.49815762288927 0.0061608758607500135
195.51980554690817 0.0061608758605753763
196.54345206690778 0.006160875860612214
197.56490350292006 0.0061608758607110395
198.60112109393231 0.0061608758605741099
199.62508884994168 0.0061608758606462788
200.64707505895058 0.0061608758606181493
201.66997619094036 0.0061608758605544581
202.69827515594079 0.0061608758605003937
203.72180921694962 0.0061608758608412252
204.74207674595527 0.006160875860499202
205.76388475593558 0.0061608758604951089
206.78399984593852 0.0061608758605478367
207.8051898379199 0.0061608758606810209
208.82667073290941 0.0061608758605123251
209.84683791392308 0.0061608758604887806
210.86797015493357 0.0061608758604872488
