time obj
1.7993759980017785 0.017493230801393714
4.3254029490053654 0.020912147856807384
6.7180489610036602 0.015230408521018927
8.8024122490023728 0.012715229450601277
10.832417913006793 0.011586131378759121
12.840937665008823 0.010575430374394807
14.64682677500241 0.0100831183157275
16.425733456999296 0.0094231267765271347
18.204436851003265 0.0090713873675662884
20.446715777005011 0.0088041753290888976
22.2129504760087 0.0086366860628167164
24.019902235006157 0.0083437497344525449
25.829850086010993 0.0085120735765982294
27.482500391008216 0.0078803618229648081
29.103669359006744 0.0077760123211609534
30.750700272001268 0.0076307609103983681
32.411229275996448 0.0076000863338570521
34.07533990299271 0.0076551103010107785
35.646800113994686 0.0073611411233801194
37.19991825199395 0.0073641215945195251
38.737356339988764 0.0074035635242365077
40.253442237983108 0.0071855397211616021
41.803035630982777 0.0072339132849048964
43.354935716983164 0.0070614399331980276
44.910994441983348 0.0070023135324646336
46.468136421986856 0.0072951502735390736
48.007057785980578 0.0069584165132853884
49.486829832982039 0.0068861555568770234
50.989382818981539 0.006825921862163584
52.457258513983106 0.0069454452871891966
53.94047923998005 0.0067906873732536113
55.390079030978086 0.0067765956860766389
56.831322648977221 0.0067129152620022999
58.310076253976149 0.0066902911180980991
59.783533945977979 0.0066744406931464858
61.287895107983786 0.0065945587553788961
62.763538549981604 0.0065747762685549778
64.220888516982086 0.0069186392485992964
65.676226308976766 0.0065542606410552576
67.123198178975144 0.0065678684154728464
68.587292880969471 0.0065604409302623574
70.024451797973597 0.0064903349929427293
71.438701274972118 0.0065419493059213811
72.854520256973046 0.0064925096705428882
74.262224770973262 0.0064533130492123898
75.670407264973619 0.0064444478245189313
77.077459824977268 0.0064493240634982503
78.487120107973169 0.0064435405137497192
79.891838129966345 0.0064253496198096198
81.510268359968904 0.0064756000467723887
82.969108805969881 0.0063877473786548844
84.349595160965691 0.0063768371372963165
85.766538660966035 0.0063947874959652999
87.164409280965629 0.0063682235240687278
88.562147826967703 0.0063417339130637344
89.965362339971762 0.0063526443803598245
91.37325327196595 0.0063473688719068132
92.772515205972013 0.0063253482078354578
94.208827193971956 0.0063586635099582411
95.694399173975398 0.0065188698947108879
97.348588739972911 0.0063636755654677152
98.830349989977549 0.0063019324482441134
100.3790046739814 0.0064639037092794459
101.96326828998281 0.0063030638722432501
103.40928960998281 0.0063192858553303925
104.84212311698502 0.0063515100910512623
106.29683622398443 0.0063210232433306762
107.78886035598407 0.0062738497663168699
109.7214834239785 0.006263824071182077
111.16186649898009 0.0062602196809496587
112.56950893998146 0.0062675935841452679
113.97646135798277 0.0062513974552899738
115.35948144798022 0.0062613524846519527
116.78385022798466 0.0062444264679621681
118.43869080398144 0.006243392469808008
119.85993191797752 0.0062432322706652303
121.26967790997878 0.006265853285797607
122.68354109797656 0.006231862099104043
124.0714834549799 0.0062561374995631844
125.42210098898067 0.0062369062751756778
126.80432217798079 0.0062337435807644512
128.17606487898593 0.006238254347647975
129.52609742598725 0.0062235609541661328
130.87514061298862 0.0062295929297368231
132.21975375198963 0.0062276614455052341
133.56817261198739 0.0062237005034285137
134.95791755098617 0.0062549917809069733
136.31935047298612 0.0062158471209868699
137.76533143798588 0.0062545400855582777
139.17175780298567 0.006207215357590585
140.5626635519875 0.0062072210278188355
141.97411007098708 0.0062037942621101499
143.37954220799293 0.0062032958128649786
144.74798118499166 0.0062013815299702922
146.08126490499126 0.0063422100156274195
147.45845105699118 0.006215888137907917
148.80314016198827 0.0061972017579460612
150.130391047991 0.0061968632618059879
151.46389189099136 0.0061946278861891978
152.82502661798935 0.0061930682986870156
154.14615165898431 0.0062275083500210431
155.47288434697839 0.006191227154552525
156.80929783197644 0.0062612513958368934
158.12542703997315 0.0061910814587780262
159.87974777696945 0.006198750430900595
161.21436606896896 0.0061900296258502168
162.5869955619637 0.006191968702753921
163.91727377896314 0.006191607294329598
165.2496388409636 0.0061856216129049521
166.58475371596433 0.0061849004113628909
167.93832169696543 0.0061859163708283642
169.28734625196375 0.0061835694655213774
170.68408109496522 0.0061843190704133641
172.01646932396397 0.0061845621209797412
173.33908920796239 0.0061808842161892481
174.70176068195724 0.0061810721003353825
176.03454992695333 0.0061940516822147126
177.37466051095544 0.0061856744160760299
178.67962492795778 0.0061792226038133065
180.01098667595215 0.0061792713005370719
181.30419026295567 0.0061809085965443588
182.60818410495267 0.0061772953394904602
184.1722800939533 0.0061762873972882743
185.60821058094734 0.0061802572725427824
186.90432479894662 0.0061756269893413259
188.21245890594582 0.0061752123762185765
189.50226202794875 0.0061832028252343614
190.80427951894671 0.0061738284180257097
192.08832759994402 0.0061757147103660851
193.38437423194409 0.0061871809445744105
194.70293768493866 0.0061804145765596398
195.99566774293635 0.006175209132138826
197.29630626094149 0.006171789394366709
198.59400177994394 0.0061751179299357152
199.8934369769413 0.0061731437338274553
201.18179054193752 0.0061702752688372999
202.47240430893726 0.0061700430227651709
203.77462972694047 0.0061708325509495223
205.05950716693769 0.0061759542881589854
206.35643598193565 0.0061703140195542181
207.65939023593091 0.006172237220370619
208.95266158093727 0.0061688798680999421
210.5004222629359 0.0061685299447270716
211.80041563693521 0.006168380554377074
213.10422484893934 0.0061684582887404941
214.42992394193425 0.0061681573138940874
215.74647714693856 0.006167845042353029
217.03545092693821 0.0061680423342712959
218.35066409694264 0.006167093735665795
219.65911989894084 0.0061700294079729571
220.98568648693617 0.006166764915439083
222.28924357594224 0.0061664315244877614
223.58236177394429 0.0061665718721531535
224.89985692694609 0.0061682874703273905
226.19915674794902 0.0061721637980824747
227.51207561095362 0.0061666766244290756
228.83039669895516 0.0061662373741131656
230.1269346969566 0.0061665458872497162
231.42711075295665 0.0061667956013402468
232.72478784895793 0.0061685317735396279
234.02604043895553 0.0061657613003144231
235.33822741995391 0.0061677734940640272
236.63290480194701 0.0061652194332071303
237.91088211994065 0.0061653542583770494
239.20080414893891 0.0061693998334503373
240.47672374894319 0.0061646762265430881
241.76109739793901 0.0061690402118752246
243.08494007994159 0.00616424200369344
244.3724343709473 0.0061716229823561885
245.66463544994622 0.0061645716867115537
246.94077690494305 0.0061640329187926711
248.23204229294788 0.0061641980152397713
249.501134900951 0.0061672798981404989
250.78102237894927 0.0061639126370448124
252.08034845894872 0.0061664031064645628
253.35936687494541 0.0061640161647458658
254.6703788509476 0.0061670949859972055
255.96275326795148 0.0061654823212050607
257.26116301695583 0.0061639276582752403
258.55085321195656 0.0061662521590821742
259.83275297895307 0.006164437206601486
261.58911044595152 0.0061631962965589451
262.87166869895009 0.0061630198322871676
264.18090950094484 0.0061647176935057096
265.46006587094598 0.0061634497588119105
266.76327824994951 0.0061636973151658787
268.08036123894999 0.0061628749042922778
269.40320256495033 0.0061629703904863371
270.716111582944 0.0061626743766809381
272.00178674794734 0.0061626839219793414
273.29007672094303 0.0061626438054307609
274.60829106393794 0.006164005501010714
276.1402041649344 0.0061652044385261213
277.45019156292983 0.0061624621143836133
278.76343586193252 0.0061626265913052661
280.08009256193327 0.0061626489129075696
281.3972946399299 0.0061623406630583414
282.70129930293479 0.0061630154549544456
283.98958794093051 0.0061622462454698247
285.27225870393158 0.0061628574217598127
286.55933460093365 0.0061625236052872678
287.89973069593543 0.0061627937847443344
289.37482344293676 0.0061627162538564605
290.86395022393117 0.0061649091916357712
292.4835563299348 0.0061621304451981223
294.00561005693453 0.0061620006885066371
295.38306217693753 0.0061628953888024814
296.86025065494323 0.0061619561926419949
298.34775881894166 0.0061619666591473084
299.71895144094015 0.0061618611369356879
301.06830439793703 0.0061625345039699013
302.51114123193838 0.0061619082699518914
303.90702188794239 0.0061618671547562197
305.32109920594667 0.0061620008957880635
306.71781853294669 0.0061618228017345849
308.05358915995021 0.0061624882400937433
309.36277260594943 0.0061619391509304166
310.67152095394704 0.006161964484055032
311.98985861294932 0.0061622007735017874
313.33746152694948 0.0061623699724611507
314.68729481595074 0.0061616062351486801
316.04582635394763 0.0061625798592460966
317.4074453569483 0.0061629654911984182
318.75982622794982 0.0061615379764539124
320.07918025594699 0.0061615128296043566
321.39279486294254 0.0061616376127157221
322.69353286794649 0.0061619652381030938
323.98672529694159 0.0061615458407557585
325.29408919694106 0.0061615129984995539
326.58985930894414 0.0061614842734534136
327.87734572694171 0.0061614935254953066
329.17887524594698 0.0061622538408834518
330.49154798695236 0.006161405605582794
331.79842588595056 0.006161426949741873
333.1181652109517 0.0061615378301607647
334.43596087794867 0.0061613455467462944
335.83158054795058 0.0061614104933838208
337.15552049595135 0.0061616256861133306
338.52253717694839 0.0061614408489065889
339.84505069694569 0.006161353215622758
341.14318967794679 0.0061612797957414193
342.44789064794895 0.0061615031452473034
343.73110862894828 0.0061621570132121654
345.01553776394576 0.0061614841698735077
346.39155382494937 0.0061613025827701746
347.88244145795034 0.0061618050286225577
349.49498565294925 0.0061612377577087638
350.88878831395414 0.0061613098192707478
352.3391886729587 0.0061613697235771963
353.84078864496405 0.0061612644311368498
355.22893047296384 0.0061612247256581931
356.59384993296408 0.0061611870513013124
357.94298807196174 0.0061611786764433508
359.32329752396618 0.0061612712291642053
360.74009701596515 0.0061612122567030227
362.21849454996845 0.0061618073199666366
363.54307209696708 0.006161247621009603
364.87037596797018 0.0061618993993558047
366.19190370997239 0.0061611295917462696
367.51517060097103 0.0061615741743069581
368.85215750397765 0.0061611730026420782
370.19928514897765 0.006161429132010357
371.53986928398081 0.006161177859463878
372.90123055798176 0.0061612642712637168
374.26234878298419 0.0061612548749560578
375.59841468898958 0.0061611026829688992
376.90744585999346 0.0061611472767258519
378.20078656799888 0.0061612570640217157
379.52129981499456 0.0061610936438730914
380.8222381549931 0.0061610910309017287
382.11534879399551 0.0061610760272468122
383.41954087899649 0.0061629675223213972
384.73881035799423 0.006161049937880277
386.0596047519939 0.0061610910646275772
387.36374477099162 0.0061613038482075545
388.68193284599693 0.0061614849293630432
389.99236198699509 0.0061610397036727825
391.31485191699176 0.0061612320280382948
392.63696311198873 0.0061611443028099008
393.97748314199271 0.0061610193085644875
395.29885939899395 0.0061614848446600182
396.61839420499018 0.0061610195960388487
397.90638425998623 0.0061610050398490162
399.19683335698937 0.0061610323666082068
400.49906805798673 0.0061610267659633058
401.77288548198703 0.0061610271295289279
403.0670492129866 0.0061610049390380646
404.36139443798311 0.0061610546931645397
405.65327998098655 0.0061610614945463967
406.94318193898653 0.0061610630612999517
408.22532582098938 0.0061610096854191852
409.50629665399174 0.006160998456374394
410.81529158399644 0.006160979291813258
412.11113094899338 0.0061610243460642877
413.40814272699208 0.0061609868841933048
414.70319276099326 0.0061609738857988849
416.01969226999063 0.0061610409162422587
417.3221816489895 0.0061609824838274128
418.62059647098795 0.0061609645346360833
419.92362035498081 0.0061609608156370753
421.21489570497943 0.0061609674038615699
422.5065967879782 0.0061609616865866941
423.81750371697854 0.0061610488813873439
425.39005399597954 0.0061609828165057213
426.68970880498091 0.00616124045720246
427.9922693669796 0.0061611021444798941
429.28123480197974 0.0061609600927219239
430.55979827497504 0.0061610256027641403
431.84471148496959 0.0061609650857843814
433.1374817369724 0.0061609423325321329
434.43172233396763 0.0061609557973838621
435.70256752896967 0.0061609544119956856
437.00323735796701 0.0061609587408743187
438.28851908596698 0.006160979900948012
439.55955414896744 0.0061609349217265691
440.85370254996815 0.0061609550760105339
442.12485268097225 0.0061609421663717523
443.40685506197042 0.0061611011668108321
444.67150968697388 0.0061609460365240169
445.94419177797681 0.006161223582630263
447.22803259097418 0.0061610707785596866
448.49655218297266 0.00616103282195827
449.80111828997178 0.0061609326655379902
451.07773896396975 0.0061609686855031744
452.35301423897181 0.006160961557591077
453.63991686297231 0.0061609212685404535
454.91180087397515 0.0061609950677941096
456.19493749397225 0.0061610253869809391
457.46117607297492 0.0061609183829256543
458.74053526197531 0.006160917051054985
460.02300263297366 0.0061609168931014979
461.29560373597633 0.0061609354310364272
462.5790070569783 0.0061609333385662171
463.85445317497943 0.0061610221581112961
465.13462918498408 0.006160926877733606
466.42019774598157 0.0061609113698731901
467.69494817098166 0.0061609145763026653
468.97857424697577 0.0061610466671608638
470.27107070398051 0.0061609082849566864
471.55323291298555 0.0061609857758366813
472.83977741099079 0.0061610013947389301
474.11612756899558 0.0061609060591594706
475.40018656299071 0.0061609077490770783
476.7100573519856 0.0061609188120562656
477.99622897698282 0.0061609040641170841
479.29134103297838 0.006160965358599205
480.57145621498057 0.0061609067739895364
481.8476156029792 0.0061609069164423394
483.14546161398175 0.0061609752316948239
484.4527345639799 0.0061609043167115633
485.72618201297882 0.0061609368441555993
487.02685490198201 0.0061609702868781063
488.2906083099806 0.0061609223900982628
489.58806181898399 0.0061609325006527008
490.87204459998611 0.0061609017407581101
492.14312223398883 0.0061609187296732364
493.44959719099279 0.0061609116424110088
494.7171844389959 0.00616091344881261
496.00039398399531 0.0061609192781321527
497.2682053959943 0.0061609038695612959
498.54431163399568 0.0061609509536089662
499.82592530599504 0.0061608933657747566
501.12069062699447 0.0061609046396640743
502.4054371319944 0.0061609826394656208
503.67103880199284 0.0061609263781942578
504.95237826798984 0.0061609323188542581
506.25002943399159 0.0061609036529464093
507.52037375999498 0.0061608913138989961
508.80787262399099 0.0061609532060311282
510.08356547699077 0.0061608925115503596
511.36913907499547 0.0061608930203285754
512.65113007599575 0.0061608896825136438
513.95212570500007 0.0061609017678367116
515.25268835799943 0.0061608963341982384
516.52237082500505 0.0061608897160023478
517.80403818400373 0.006160907255715874
519.09191414600355 0.0061609000340561741
520.38117475299805 0.0061608993382381702
521.66437491399847 0.006160888454671865
522.93580480099627 0.0061609000455883677
524.22533175499848 0.0061609867204711292
525.51387117299601 0.0061609148140784704
526.79123041999264 0.0061608877795516562
528.07802378499764 0.0061609006702754423
529.35317971499899 0.0061608888973553174
530.63717415800056 0.006160913930502691
531.93881102600426 0.0061608915543183646
533.2930395900039 0.006160897365324121
534.62777082899993 0.0061608990536062133
535.90442331699887 0.0061609137704018192
537.18640120600321 0.0061608855854024744
538.46419268400496 0.0061609249112525447
539.75355741200474 0.0061609170341214705
541.02022667600977 0.0061608852098116538
542.29880363700795 0.006160929125790718
543.56991203000507 0.0061609204660405485
544.84348457800661 0.006160885103893253
546.12440996601072 0.0061608857642902245
547.40479944800609 0.0061608843093313636
548.72264334100328 0.0061608824604958909
550.03796200900251 0.0061608829127438418
551.31926394400216 0.0061609103249168932
552.58482333600114 0.0061608831586281408
554.0193142690041 0.006160892539727787
555.47394069100847 0.00616088381440989
557.0858509160098 0.0061608824751518314
558.4784750260078 0.0061608814399819007
559.92121880101331 0.006160891999266665
561.39726415401674 0.0061608811029775458
562.89120817301591 0.0061608833669511273
564.23648658202001 0.0061608905123175595
565.56487926302361 0.0061608882284493781
566.94850505902286 0.0061608969997322561
568.34830887702265 0.0061608959231984053
569.75009629101987 0.0061608811031767562
571.10316090201377 0.0061608842171307562
572.42313504101912 0.0061608810462926624
573.74390792201302 0.0061608801123244896
575.09664092401363 0.0061608804665876007
576.46132062301331 0.0061608803569020119
577.79460374401242 0.0061608868733655283
579.12739899201551 0.0061608798764503335
580.49453184501181 0.0061608862165419319
581.84801925301144 0.0061608840085988241
583.17894771700958 0.0061608890874628565
584.46623992501554 0.0061608825301311615
585.76551871701668 0.0061608804239206257
587.06009172801714 0.0061608796604704641
588.34238845701475 0.0061608790452372048
589.64961816001596 0.0061608792116157008
590.9414715100138 0.0061608795343511226
592.26212471201143 0.0061608788405767504
593.56592533201183 0.0061608839743767414
594.87539315901086 0.0061608850813589591
596.17479112500587 0.0061608789840404844
597.49805182200362 0.0061608869582040326
598.81108635599958 0.0061608794117937581
600.12951715900272 0.0061608788553931875
601.44767234800383 0.0061608841975027903
602.76942956300627 0.0061608791859374644
604.05292546000419 0.0061608794975731834
605.34384047499771 0.0061608807744217547
606.69121838599676 0.0061608784957523357
607.98424705799698 0.0061608814898488498
609.26039905599464 0.0061608801667475815
610.551898023994 0.006160878315801881
611.83907259198895 0.0061608816277190972
613.12869525198766 0.0061608784990948373
614.50094247698871 0.0061608940618231509
615.78463587298756 0.0061608778075435931
617.88556748498377 0.0061608794911626715
619.17469626198726 0.0061608778731730724
620.47056019798765 0.0061608789565255661
621.74907652699039 0.0061608791239211608
623.03167053099605 0.0061608800780765475
624.32852564599307 0.0061608791451307921
625.62186298998859 0.0061608805059754999
626.98834789299144 0.0061608816121162275
628.27195777399174 0.0061608792549690955
629.55754166099359 0.0061608792050461382
630.87629582899535 0.0061608776682345635
632.57850664099533 0.0061608786025767774
633.91092733099504 0.0061608819905719873
635.75491139899532 0.0061608819624409672
637.03369254499557 0.0061608782852719552
638.3297799649954 0.0061608780633825196
639.84163258299668 0.0061608792767756373
641.12070133400266 0.0061608771518571704
642.4432567660042 0.0061608775267290019
643.72851872700267 0.0061608770525171429
645.04279205999774 0.0061608773139471074
646.89721377199749 0.0061608865762416785
648.14902088000235 0.0061608797480531292
649.44516037999711 0.0061608774027861156
650.73479064500134 0.0061608776743387684
652.02185462499619 0.0061608770258823713
653.29677742599597 0.0061608770196815302
654.56599952699617 0.0061608771858635359
655.82879201698961 0.006160881268394848
657.09713100098452 0.0061608805085278393
658.39453617297841 0.0061608773118021929
659.65141271198081 0.0061608787385560096
660.92563464098203 0.0061608770550438466
662.22434189097839 0.0061608773607745053
663.49164247597946 0.006160876745896487
664.76343243598239 0.0061608783250456343
666.05741785398277 0.0061608771800095814
667.33637519798503 0.006160877581859534
668.63182981198042 0.0061608768798728014
669.89755387198238 0.0061608787699327884
671.1774664539771 0.0061608805707865201
672.43606943297345 0.0061608806322085924
673.74603764896892 0.0061608781106610193
675.02286237196677 0.00616087658271671
676.29130955496657 0.0061608774349279976
677.5741202999634 0.0061608799700605486
678.83414944496326 0.0061608765666170285
680.12073774296005 0.006160876796266623
681.40808067096077 0.0061608767764752869
682.67643286395469 0.0061608778630152395
683.98243901995738 0.0061608779413366939
685.27995400895452 0.0061608764604486211
686.55607396295818 0.0061608778202852264
687.84306526195724 0.0061608764262877248
689.09769404895633 0.0061608763845760308
690.37018870095926 0.0061608766958673854
691.66174372596288 0.0061608774865129353
692.93366847996367 0.0061608764520632488
694.21403048196225 0.0061608775792724316
695.49044710696035 0.0061608766552194933
696.74854780396709 0.0061608763584209596
698.04653196096478 0.0061608782768133013
699.32053119296324 0.0061608763182314915
700.58095955895988 0.0061608763427884183
701.85176158596005 0.006160876472483214
703.11673767396132 0.006160878449717723
704.38248616395867 0.0061608783427635986
705.67393703995185 0.0061608782705294199
706.94093139895267 0.0061608762433594377
708.21532046394714 0.0061608763825795627
709.49612333194818 0.0061608768080018226
710.76662186094472 0.0061608763928593215
712.03619374194386 0.0061608784575152755
713.30542028194031 0.0061608893278448512
714.57669968294067 0.0061608762669517984
715.86060704894044 0.006160876520503315
717.13533827393985 0.0061608762132064438
718.43766036193847 0.0061608762982091224
719.70368144793611 0.0061608762402144924
720.98697627193178 0.0061608763350181374
722.24774653393251 0.0061608762335748565
723.5184264569325 0.0061608774263791216
724.82535699793516 0.0061608761977098364
726.09320582092914 0.0061608764377672305
727.36591383293126 0.0061608762885993502
728.62808802693326 0.0061608761359464512
729.91990866993001 0.0061608792913819734
731.24119343992788 0.0061608763708996591
732.56692093892343 0.0061608764216451294
733.8403214949285 0.006160876114948372
735.11370825293125 0.0061608760865939716
736.38682415293442 0.0061608761627604822
737.66756009693199 0.0061608763197560749
738.972977056932 0.0061608774381844899
740.30554901692813 0.00616087658418222
741.56434022292524 0.0061608772306980218
742.84252911993099 0.0061608762342611392
744.10425092792866 0.0061608762102192925
745.37528249192837 0.0061608768798505761
746.65097795092879 0.0061608765535353469
747.91758272192965 0.0061608760514932619
749.18672332193091 0.0061608766991900531
750.45892251693294 0.0061608763530943307
751.73178918793565 0.0061608761896902037
752.98782595593366 0.0061608767611747162
754.54847338793479 0.0061608780413369996
755.81243201593315 0.0061608761522924087
757.08912206692912 0.0061608761253956349
758.35833354592614 0.0061608760155434164
759.63074133992632 0.0061608760054196578
760.93979377192591 0.0061608761887076363
762.20509553392185 0.0061608769083713998
763.49258421191917 0.0061608760122101851
764.75548877991969 0.0061608765538230673
766.02699539291643 0.0061608761556809924
767.56718117891432 0.0061608760940212127
769.11870691991498 0.0061608760322515634
770.48961703391251 0.0061608760202431397
771.92796689891111 0.006160876472425551
773.41973470291123 0.00616087739358466
774.76119786290656 0.0061608765424782178
776.09094317590643 0.0061608760477816146
777.4569233479051 0.006160876134342394
778.86847589891113 0.0061608759754517997
780.25807285091287 0.0061608760132815816
781.64446249890898 0.0061608759638446279
782.96276583791041 0.0061608759969769113
784.25748624191328 0.0061608759952343425
785.54723989890772 0.0061608759613228222
786.83692645090923 0.0061608759823616977
788.16390860491083 0.0061608759847696986
789.488275517906 0.0061608759453028435
790.82780386090599 0.0061608759647052225
792.17247894290631 0.0061608761525938161
793.51598933590867 0.0061608759676739094
794.84168207390758 0.0061608759620997754
796.15714356290846 0.0061608759773248466
797.44511623991275 0.0061608759505428984
798.74947224591597 0.0061608760620369052
800.04526765591436 0.0061608759681168147
801.35104967890948 0.0061608761720854249
802.63454551390896 0.0061608763104974993
803.9256583469105 0.0061608762325705141
805.23776581091079 0.006160876253598139
806.5383795269081 0.0061608759317571997
807.82654704790912 0.0061608759693960492
809.1378556769123 0.0061608759255899663
810.44072388090717 0.0061608761831478979
811.75588700090884 0.0061608759998387627
813.06704731591162 0.0061608759304658733
814.39422764791379 0.0061608759499558984
815.71620162791805 0.0061608760190076601
817.0008878829176 0.0061608763817413356
818.28589186191675 0.0061608759506266344
819.61273437891941 0.0061608759160884999
820.89097841992043 0.0061608759146155011
822.20679102592112 0.0061608759809634473
823.49867013291805 0.0061608765945207677
824.78493026592332 0.0061608762513311877
826.05217273092421 0.0061608760110957771
827.32477250592638 0.00616087590526766
828.60055668792484 0.0061608762398832808
830.54846817092039 0.0061608759158544016
831.84472825592093 0.0061608759255815668
833.15409229291981 0.006160875983535246
834.44694677591906 0.0061608759146058066
835.76469462891691 0.0061608758993874435
837.24667791591492 0.0061608759123054219
838.5417648299117 0.0061608760829496905
839.84479946691135 0.0061608760342174813
841.13297847191279 0.0061608760745630944
842.42160910490929 0.0061608759678714571
843.71828332790756 0.0061608759092306236
845.0144189479106 0.0061608759574755768
846.36114723691571 0.0061608760185584066
847.64926922691666 0.006160875911566761
848.92288045291934 0.0061608759024130832
850.20446717691812 0.0061608759512349273
851.46973911292298 0.0061608760787317252
852.74448317392671 0.006160875903541925
854.02647636992333 0.0061608759281732949
855.29741528692102 0.0061608758885400043
856.99983292991965 0.0061608758931010555
858.27740947991697 0.0061608759457750274
859.61965444291855 0.0061608763260273484
860.88847062292189 0.0061608760683751372
862.19902206592087 0.0061608760798926143
863.46302983292117 0.0061608759917150587
864.74980744191998 0.0061608759608387884
866.00588489392248 0.0061608758927850097
867.27542176792485 0.0061608759308863928
868.85461807192769 0.006160876156861254
870.1348614949311 0.0061608758972939298
871.40144275693456 0.0061608758960162661
872.67579425292934 0.0061608758964932413
873.95602613892697 0.0061608759285757585
875.23268655192805 0.0061608758836862931
876.51219154793216 0.0061608759159262668
877.77609839693469 0.0061608761643290894
879.22946132393554 0.0061608759705596046
880.81425570593274 0.0061608759123166221
882.20894284093083 0.006160876029631673
883.61489443192841 0.0061608759193412773
885.12115864393127 0.0061608759191031075
886.56603981492663 0.0061608758793328207
887.95627814992622 0.0061608758969194256
889.28338923792762 0.0061608760294491159
890.6600485429226 0.0061608759383769297
892.05011432991887 0.0061608760282200001
893.44836855792528 0.0061608759161232074
894.7966790189239 0.0061608758928242474
896.10809877092834 0.0061608758768507627
897.41571825792926 0.0061608759526151913
898.71578045992646 0.006160875922817775
900.03572294692276 0.0061608758962883904
901.36138887792185 0.0061608760369034057
902.74383426492568 0.0061608758735868432
904.08443548892683 0.00616087588931885
905.42662821993144 0.0061608758828708161
906.76071273593698 0.0061608758965014188
908.05643995793798 0.0061608759223506816
909.34717252993869 0.0061608758872692491
910.65684658694227 0.0061608758858751785
911.94850845094334 0.006160875918053422
913.24952190394106 0.0061608759045356423
914.52679556394287 0.0061608759043445269
915.8172142819385 0.0061608758764911979
917.13519517994428 0.0061608758727943157
918.44256026194489 0.0061608758866684267
919.78301701194141 0.0061608758704274945
921.31377062094543 0.0061608758907421611
922.61914209194219 0.00616087592132427
923.95028742794238 0.0061608758743609054
925.26204298694211 0.0061608758699198069
926.58601705393812 0.0061608758955805989
927.89787597293616 0.0061608758704981992
929.18121246693772 0.0061608759734801018
930.48239275993546 0.0061608758686659375
931.82920515993465 0.0061608758690918381
933.10581726693636 0.0061608758763603885
934.38407716793881 0.0061608758818881872
935.69281922394293 0.0061608758709582948
936.98957531294582 0.006160875884008106
938.25902563894488 0.006160875891587589
939.53180709394655 0.006160875915268876
940.85768382294918 0.0061608758703766342
942.13215319594747 0.006160875898432617
943.41707689994655 0.0061608758778267329
944.68767288894742 0.0061608759876444468
945.96421240494965 0.0061608758743287827
947.24388166295103 0.0061608758778164832
949.2265387579464 0.0061608758965211435
950.52009038094548 0.006160875870679542
951.8529133729462 0.0061608758725593352
953.13652227194689 0.0061608758868019102
954.45074862894398 0.006160875908748263
955.7838243819424 0.0061608758667420398
957.07905389794178 0.0061608758960832177
958.38938471693837 0.006160875866672794
959.6815460689395 0.0061608759216911146
960.97347923894267 0.0061608758817799907
962.23882081294141 0.0061608759179283433
963.51153715794499 0.0061608758654332837
965.14239715394069 0.0061608759006803598
966.42184434393857 0.0061608758781139901
967.70880832093826 0.0061608758821787074
968.9883511569351 0.0061608759015472393
970.25360009993892 0.0061608758756788746
971.52659025494359 0.0061608758656563432
972.834082206944 0.0061608758894352049
974.10492705094657 0.006160875866608493
975.53378614194662 0.0061608758658860058
976.81950637194677 0.0061608758794676
978.13812774094549 0.0061608759123336866
979.40785105994291 0.0061608758664415536
980.67923576994508 0.0061608758781561733
981.94912684994779 0.0061608758658460334
983.24390611494891 0.0061608758719042291
984.56161157294991 0.0061608758693325024
985.83709310294944 0.0061608758636856886
987.48589667295164 0.0061608758648372336
988.76074703995255 0.0061608758674322394
990.0349938709478 0.0061608758630884832
991.31351001295116 0.0061608758638965859
992.59760422194813 0.0061608758648456791
993.87113699495239 0.0061608758775484659
995.15797073394788 0.0061608758634514732
996.4255270929425 0.0061608758929945287
997.80649672594154 0.006160875898520787
999.07968531994266 0.0061608758649609628
1000.3540138649405 0.0061608758639607429
1001.6334673099409 0.0061608758631310429
1002.9112156889387 0.0061608758720833462
1004.191299412938 0.0061608759135833987
1005.7294811209431 0.00616087586628466
1007.0179732789402 0.0061608758644307862
1008.3092839299425 0.0061608758628825247
1009.6048518399402 0.0061608758623675555
1010.9165860039429 0.006160875874322333
1012.2317724129389 0.0061608758642199227
1013.5232829089364 0.0061608758623598004
1014.8099860819348 0.0061608758637861499
1016.0769193769374 0.0061608758704531277
1017.4201872109406 0.0061608758695215812
1019.0490877419361 0.0061608758671779376
1020.3097270479338 0.0061608758841982803
1021.5812298999372 0.0061608758638313369
1022.8859759979387 0.0061608758706595381
1024.1706098719442 0.0061608758630082045
1025.4506900639462 0.006160875867080147
1026.732638526948 0.0061608758622706825
1028.026986455945 0.0061608758751585616
1029.2872984939459 0.0061608758621722274
1030.5575389359437 0.0061608758631307098
1031.8472655059377 0.0061608758703293768
1033.1272815269331 0.0061608758970901666
1034.4048053939332 0.0061608758622906821
1035.6663154719354 0.0061608758662928011
1036.9397697419336 0.0061608758826205527
1038.2194252249319 0.0061608758618104118
1039.4867803059315 0.0061608758656498258
1040.7682262919261 0.0061608758715213843
1042.0563118399223 0.0061608758683364771
1043.3340287059254 0.0061608758815832809
1044.6143989939228 0.0061608758775739498
1045.9159639099234 0.0061608758692282741
1047.1969162409223 0.00616087587080615
1048.4687401979172 0.0061608758620688804
1049.7566629489229 0.0061608758618712416
1051.0425450439216 0.0061608758841872171
1052.3448514119227 0.0061608758679483526
1053.6554199519232 0.0061608758849937429
1054.9345898379252 0.0061608758624701098
1056.2156463059291 0.0061608758618437297
1057.5209379309308 0.006160875872279625
1058.7992685789286 0.0061608758782988205
1060.0835197509296 0.0061608758623702565
1061.3575786429283 0.0061608758638026697
1062.8799928019289 0.0061608758621749847
1064.3096645529295 0.0061608758612153904
1065.7293751369289 0.0061608758633955761
1067.1900068219256 0.0061608758656312964
1068.6412408959295 0.0061608758633573662
1069.9913554489249 0.0061608758611772108
1071.3356005629248 0.006160875861531326
1072.7067350569268 0.0061608758622596783
1074.0901035709321 0.0061608758612536028
1075.4816257719358 0.0061608758623496436
1076.8796862509407 0.0061608758626409974
1078.1801783849442 0.006160875864266082
1079.477700959942 0.0061608758613319742
1080.7892699469448 0.0061608758615745839
1082.0939790819393 0.0061608758612883086
1083.409038380938 0.0061608758673247646
1085.0034621199375 0.0061608758610222688
1086.3687759419408 0.0061608758942144183
1087.7099159639401 0.0061608758611415293
1089.0509017339427 0.0061608758629514903
1090.3286626189438 0.0061608758655079228
1091.6257743819442 0.0061608758649185896
1093.2755774969482 0.0061608758639165023
1094.5667557109482 0.0061608758707160927
1095.8681014099493 0.0061608758609352767
1097.1561786249513 0.0061608758621156294
1098.4414144699549 0.0061608758664788172
1099.7444348769495 0.006160875861443248
1101.0345596519473 0.006160875867592298
1102.3446032759457 0.0061608758618770781
1103.6532383009471 0.0061608758625119747
1104.980544029946 0.0061608758610791903
1106.3353247259511 0.0061608758612046862
1107.6676486669458 0.0061608758611637528
1108.9797196569489 0.0061608758782803492
1110.2671843569478 0.0061608758644877909
1111.5585243329479 0.0061608758614219872
1112.8247069379504 0.0061608758647037649
1114.1264095639563 0.0061608758607886891
1115.4227319429556 0.0061608758613960818
1116.6916596789524 0.0061608758647315048
1118.0317962109475 0.006160875861182062
1119.3127705649458 0.0061608758608521653
1120.8452293799419 0.0061608758609364243
1122.1326189569445 0.0061608758645087056
1123.4029779049451 0.0061608758646154215
1124.6746745049459 0.0061608758614378539
1125.958493541948 0.0061608758615136318
1127.2510195679497 0.0061608758608475674
1128.541609962951 0.0061608758616160351
1129.8424191979502 0.0061608758615064856
1131.1406083199545 0.0061608758625826153
1132.4254160839555 0.0061608758607440313
1133.7453552729567 0.0061608758641167995
1135.0381379559549 0.0061608758614323956
1136.3361535549557 0.0061608758612132358
1137.6389919039502 0.0061608758629045747
1138.9293904549486 0.0061608758609972471
1140.2194717639504 0.006160875860862414
1141.5138768939505 0.0061608758608718622
1142.8119533109493 0.006160875862663155
1144.0988393629523 0.0061608758625767979
1145.3598439329508 0.0061608758618137494
1146.6367274839504 0.0061608758607649573
1147.9174094339542 0.0061608758619257397
1149.1858762239572 0.0061608758627569897
1150.4734970329591 0.0061608758607077504
1151.7358872169571 0.0061608758629807941
1153.0145183749628 0.0061608758606497005
1154.2751711679666 0.0061608758606928422
1155.5690761539663 0.0061608758649816832
1156.8726093939695 0.0061608758606717688
1158.1537432539699 0.0061608758607621366
1159.4667097459751 0.0061608758612466761
1160.7327462159737 0.0061608758607168499
1162.0100941609708 0.0061608758607122182
1163.2668257439727 0.0061608758621981711
1164.5453260009745 0.006160875861246454
1165.8297219269734 0.0061608758609486497
1167.097204287973 0.0061608758607661976
1168.3714937049663 0.0061608758606508428
1169.6660138949665 0.0061608758612347663
1170.9369283579654 0.0061608758609387453
1172.2163566499657 0.0061608758619587757
1173.503860836965 0.0061608758610152093
1174.7844073409651 0.0061608758606598946
1176.0676726239617 0.0061608758617654963
1177.3506349609597 0.0061608758606063853
1178.6316361859572 0.006160875861881218
1179.9020166669579 0.0061608758607199368
1181.1935471129545 0.0061608758606354194
1182.5052967909578 0.0061608758651590994
1183.7938155229567 0.0061608758607813391
1185.0754370629584 0.0061608758606028326
1186.3768002879588 0.0061608758609754217
1187.658018250957 0.0061608758614453141
1188.9462496909546 0.0061608758606881281
1190.2485448279549 0.0061608758606961174
1191.5334882129609 0.0061608758617873642
1192.8151138769608 0.0061608758617904009
1194.1119429989558 0.0061608758606551553
1195.4077585159539 0.0061608758605801346
1196.7191807499548 0.0061608758605835303
1198.0130858779594 0.0061608758616061004
1199.2895125559589 0.0061608758606771612
1200.5918062289566 0.0061608758609092238
1201.8655121639604 0.0061608758612049777
1203.1448334769593 0.0061608758606491072
1204.4401432409577 0.0061608758605839788
1205.7234000569588 0.0061608758606077263
1206.9879761509583 0.0061608758605907338
1208.2709596469576 0.0061608758609063684
1209.5281423409542 0.0061608758606006382
1210.8170532409495 0.0061608758605627414
1212.6361763399473 0.0061608758605344238
1213.907029834947 0.0061608758605632861
1215.1734069739468 0.0061608758608851424
1216.4535213939453 0.0061608758606741957
1217.7166535149445 0.0061608758606183289
1218.9992148949459 0.0061608758605565988
1220.278658824951 0.006160875860554184
1221.8804702639536 0.0061608758605232097
1223.4199872299505 0.006160875860826206
1225.0118866309494 0.0061608758605210534
1226.3863480569562 0.0061608758607303096
1227.90074722196 0.0061608758605523105
1229.4087840599532 0.0061608758605256079
1230.7684758349496 0.0061608758605924251
1232.1006877109539 0.006160875860746708
1233.4637494999552 0.0061608758605800574
1234.8787914099521 0.0061608758607219821
1236.2984848069536 0.0061608758605306299
1237.6960489349585 0.006160875860730052
1239.0229622769621 0.0061608758605808181
1240.3352800509674 0.0061608758605252879
1241.650026478972 0.0061608758606667251
1242.9507406499761 0.0061608758606176593
1244.266693551981 0.0061608758608230644
1245.6324140089782 0.0061608758610796179
1246.9773436269752 0.0061608758608130447
1248.3170191819736 0.0061608758605209892
1249.6767548169737 0.0061608758606633051
1250.9885913519756 0.0061608758606615903
1252.2791388129772 0.0061608758605840967
1253.5616944389767 0.0061608758605195641
1254.8596544449756 0.0061608758606070358
1256.1554767069756 0.0061608758606462657
1257.4350795339706 0.0061608758605100102
1258.7494715579742 0.0061608758608072802
1260.2937865279746 0.0061608758606010562
1261.596706450975 0.006160875860843725
1262.8943394119706 0.006160875860649475
1264.2406825739745 0.0061608758605301833
1265.5618950709759 0.0061608758607926617
1266.9107331179766 0.006160875860512202
1268.2435013409777 0.0061608758606849327
1269.5708893189803 0.0061608758606533148
1270.8810508349779 0.0061608758607153875
1272.2403109849765 0.0061608758605450403
1273.5459795279821 0.0061608758605441339
1274.8195454289817 0.0061608758607193019
1276.0985673299801 0.0061608758607053686
1278.0384712459781 0.006160875860660088
1279.6189630209774 0.006160875860549103
1281.2123346139779 0.0061608758606088608
1282.5833812949786 0.0061608758604957368
1284.0547426189733 0.0061608758605049968
1285.5338844319704 0.0061608758607219066
1286.9057329549687 0.0061608758608454771
1288.2391784989668 0.0061608758605211341
1289.6157139349671 0.0061608758605477074
1291.0003179169653 0.0061608758605023739
1292.3937037709693 0.0061608758605077481
1293.7839394009716 0.0061608758608086532
1295.1003464639725 0.0061608758605185675
1296.4128266769767 0.0061608758604870632
1297.722339360982 0.0061608758604959147
1299.6200647239821 0.0061608758604888023
1301.6312333299793 0.006160875860509364
1303.0674881369778 0.006160875860786068
1304.4665730379784 0.0061608758605166802
1305.9326709169763 0.0061608758614201831
1307.372134655976 0.0061608758608596272
1308.7049911809736 0.0061608758604935632
1310.0342692329723 0.0061608758605879608
1311.3956004639695 0.0061608758606606804
1312.7794104979694 0.0061608758605202129
1314.1957503769663 0.006160875860562365
1315.5697016239719 0.0061608758605289377
1316.8748941389786 0.006160875860576104
1318.1956642939767 0.0061608758605059682
1319.5061215779788 0.0061608758604831983
1320.8264344429772 0.0061608758606659479
1322.1453639719839 0.0061608758605006878
1323.4886026269887 0.0061608758604815555
1324.8445546239891 0.0061608758604852201
1326.1935336049937 0.006160875860484063
1327.5327283539955 0.0061608758604862089
1328.8305813479965 0.0061608758605925847
1330.1198702059919 0.0061608758605311495
1331.4208572759962 0.0061608758604818408
1332.7205440260004 0.0061608758604857422
1334.0164867030035 0.0061608758605040011
1335.2912353010033 0.0061608758604969425
1336.5846971639985 0.0061608758604848549
1337.888724466 0.006160875860485142
1339.184107799003 0.0061608758604937914
1340.4932797270012 0.0061608758605256513
1341.7939766760028 0.0061608758605043515
1343.1078433160001 0.0061608758605703612
1344.4129982269951 0.0061608758604967109
1345.7330694219927 0.0061608758604837976
