time obj
32.3675274380003 0.0103165673469671
62.0090356370056 0.00930712954028524
90.6330814960093 0.00876322033745801
119.447025353009 0.00839497310141402
147.618544501012 0.00811862348267304
175.446574203008 0.00789668240871155
203.218300218003 0.00771283584254472
230.625333369011 0.007557585654773
257.957704522007 0.00742380915388063
285.560821492007 0.00730846518908705
312.501964188006 0.00720890144562852
339.307984004001 0.00712169064830838
366.167342733002 0.00704380828928541
392.791631221 0.00697416381809101
419.323112201004 0.00691174726918327
445.981322579006 0.00685538250783937
472.446235761003 0.00680466411346185
498.815579635011 0.0067585262462558
525.290654183009 0.00671657953189376
551.615204989001 0.00667810999489539
578.155974542002 0.00664304163421471
604.540903622001 0.00661094170924793
630.813890051002 0.00658144482668883
657.024015506999 0.0065544902924309
683.240363678997 0.00652954865207457
709.482572779001 0.00650642893866447
735.559230183004 0.00648486302302258
761.685127249002 0.0064647495029989
787.883922673995 0.00644605617992739
813.906500397999 0.00642867731720888
839.957159121994 0.00641247782179111
866.113585179992 0.00639733452695222
892.044726768996 0.00638333918907365
918.048095642 0.0063701653745561
944.124293733003 0.00635779098736705
970.041332331995 0.00634622902095513
995.993213164002 0.00633548831526827
1022.017519188 0.00632538992286756
1047.85021170501 0.00631589278821547
1073.79708907101 0.0063069416579109
1099.751018168 0.00629853376712074
1125.568710022 0.00629090751265963
1151.431554857 0.00628396106111417
1177.38728623401 0.00627740457489226
1203.179427609 0.00627123436005729
1229.00373833001 0.00626543474002363
1254.95815366001 0.00625999633522845
1280.743227432 0.00625484450886931
1306.507127492 0.00624996737335311
1332.434304485 0.00624535554668155
1358.15126010501 0.00624097701723086
1383.843340295 0.0062368663038215
1409.767412439 0.00623300336765987
1435.448062088 0.00622934270523488
1461.119678869 0.00622587241831133
1486.997694354 0.00622258626972519
1512.631162258 0.00621947333988723
1538.299496356 0.00621651888876496
1564.17610552401 0.00621371801951974
1589.821269808 0.00621110614455547
1617.06718393099 0.00620864405586698
1646.191848125 0.00620631458311326
1676.247361359 0.00620410377778099
1706.51616868899 0.00620199885835523
1737.55488739799 0.00620001402480892
1765.32110576699 0.00619813557386044
1794.59671618399 0.00619635244102198
1823.09659422499 0.00619466114198062
1850.418627281 0.00619305290582575
1877.85072584899 0.00619152272851029
1904.88061953099 0.00619006450996671
1931.57326597599 0.00618867443720183
1958.02922671499 0.00618735107295665
1984.47983859399 0.00618609107787993
2011.66947871599 0.00618488885455178
2038.13569764099 0.00618374157137795
2065.13950126799 0.00618264739693334
2094.867868291 0.00618160662041541
2122.02394217099 0.00618061374193169
2150.37319416899 0.0061796648223294
2182.97845312399 0.00617875865832078
2212.03685920499 0.00617789106306616
2238.81081389 0.00617706177189491
2265.281587406 0.00617627153867993
2292.25248937299 0.00617551615873984
2319.173510676 0.00617481537200263
2346.35966509699 0.00617414449513808
2373.43148887999 0.00617350311629181
2400.38424636599 0.00617288829112286
2427.93592539999 0.00617229987788889
2454.474716128 0.00617173809900711
2481.506806044 0.00617119950454174
2508.287290305 0.00617068344938612
2535.342562355 0.00617018987981085
2564.67973892 0.00616971982384144
2592.031154378 0.0061692716019617
2618.704060008 0.00616884211470447
2645.28603327499 0.00616843152548952
2671.90435672 0.00616803751390803
2698.376945162 0.00616765996958269
