iter obj
0 0.5
5 0.5
10 0.035285110632105113
15 0.011039452673109821
20 0.0076211318247255758
25 0.0068683883170024065
30 0.0067516614110906918
35 0.0065672354773452582
40 0.0065115507969648176
45 0.0064073013103394111
50 0.0063727661621233063
55 0.0063365449812133878
60 0.0062984431062423751
65 0.0063078720365155657
70 0.006250449710128214
75 0.0062318889589274198
80 0.0062341194684713318
85 0.0062318605938318887
90 0.0062211080504290441
95 0.0062022600480531919
100 0.0061929250682198501
105 0.006184626250618888
110 0.0061925047492684803
115 0.0061774815252409404
120 0.0061762871105579637
125 0.006172710282784712
130 0.0061713048077358251
135 0.0061695784385247107
140 0.0061684328242439376
145 0.0061671848406835575
150 0.0061658869021775729
155 0.0061729070654611539
160 0.0061658449462170077
165 0.006164133327433801
170 0.0061665750407148374
175 0.0061638411605699764
180 0.0061635998239418692
185 0.0061628710737480471
190 0.0061631625403579006
195 0.0061624176125954734
200 0.0061638592134499407
205 0.0061622863051777792
210 0.0061617787458224538
215 0.006161872359944533
220 0.0061622015933570189
225 0.0061624156446634035
230 0.0061619432439480931
235 0.0061617217808666381
240 0.0061612557853042123
245 0.0061612574291759073
250 0.0061612927102958235
255 0.0061611278102899868
260 0.0061611779246915875
265 0.006161337840395343
270 0.006161273456265254
275 0.0061610452838341883
280 0.0061610624286318368
285 0.0061614849404229627
290 0.0061609892258375869
295 0.0061609717328680313
300 0.0061609710897087763
305 0.006160959794058167
310 0.0061609756780613319
315 0.0061609761389972177
320 0.0061610291133796799
325 0.0061609914184621098
330 0.006161185819985429
335 0.0061609528931728993
340 0.006160910790496181
345 0.0061609058820988119
350 0.0061609382809822595
355 0.0061609089413217615
360 0.0061609145092944712
365 0.0061608951677941297
370 0.0061608892719361126
375 0.0061608914628188535
380 0.006160886715695351
385 0.006160888750680168
390 0.0061608930673727027
395 0.0061608831811459019
400 0.0061608820182302093
405 0.0061609092225350243
410 0.0061608809368106678
415 0.0061608855515743206
420 0.0061608797740833696
425 0.0061608805361932821
430 0.0061608933845829893
435 0.0061608821765113796
440 0.006160892998298596
445 0.0061608892984512369
450 0.0061608798695407287
455 0.0061608855182926688
460 0.0061608799331229836
465 0.0061608777004151143
470 0.0061608775590531297
475 0.0061608870117712041
480 0.0061608790215751559
485 0.0061608767112781848
490 0.0061608769027346267
495 0.0061608765644787381
500 0.0061608766445835185
505 0.0061608770758847589
510 0.0061608763714767843
515 0.006160876445258358
520 0.0061608773246560862
525 0.0061608761847519872
530 0.006160876159803077
535 0.0061608764766852321
540 0.0061608760838033419
545 0.0061608764682955534
550 0.0061608767671257267
555 0.006160877153042821
560 0.0061608760351615499
565 0.0061608760258267947
570 0.0061608759626658452
575 0.0061608759776699967
580 0.0061608764300773314
585 0.0061608764711356973
590 0.006160875929599568
595 0.0061608762934134897
600 0.0061608764035336883
605 0.0061608759250785282
610 0.0061608759849017024
615 0.0061608760908656076
620 0.006160875908704724
625 0.0061608759988772879
630 0.0061608759372618355
635 0.0061608759339300892
640 0.0061608759736572587
645 0.0061608759991441135
650 0.0061608759397601643
655 0.0061608759744934865
660 0.00616087587534368
665 0.0061608758740975336
670 0.006160875879122253
675 0.0061608758724823621
680 0.0061608759474101491
685 0.0061608758692240457
690 0.0061608758680194043
695 0.0061608758925548986
700 0.0061608758661286425
705 0.0061608758726475043
710 0.0061608758757503114
715 0.0061608758649951169
720 0.0061608758638650668
725 0.0061608759115882091
730 0.0061608758730341186
735 0.0061608758639459943
740 0.0061608758637074282
745 0.0061608758646816428
750 0.0061608758675924368
755 0.0061608758847792686
760 0.0061608758641265825
765 0.0061608758923360138
770 0.0061608758700795177
775 0.0061608758630422181
780 0.0061608758655561438
785 0.0061608758700193011
790 0.0061608758634199715
795 0.006160875871766616
800 0.0061608758614486682
805 0.0061608758610553838
810 0.0061608758610389074
815 0.0061608758652286905
820 0.0061608758611470665
825 0.0061608758620230802
830 0.0061608758608228537
835 0.006160875862337825
840 0.0061608758615188872
845 0.0061608758607293226
850 0.0061608758608056582
855 0.0061608758606309186
860 0.0061608758606200333
865 0.0061608758606231957
870 0.0061608758611851654
875 0.006160875861235383
880 0.0061608758606691693
885 0.0061608758609988361
890 0.0061608758606920798
895 0.0061608758617345428
900 0.0061608758620732571
905 0.0061608758608223237
910 0.0061608758606591131
915 0.0061608758607500135
920 0.0061608758605753763
925 0.006160875860612214
930 0.0061608758607110395
935 0.0061608758605741099
940 0.0061608758606462788
945 0.0061608758606181493
950 0.0061608758605544581
955 0.0061608758605003937
960 0.0061608758608412252
965 0.006160875860499202
970 0.0061608758604951089
975 0.0061608758605478367
980 0.0061608758606810209
985 0.0061608758605123251
990 0.0061608758604887806
995 0.0061608758604872488
