iter obj
0 0.017493230801393714
1 0.020912147856807384
2 0.015230408521018927
3 0.012715229450601277
4 0.011586131378759121
5 0.010575430374394807
6 0.0100831183157275
7 0.0094231267765271347
8 0.0090713873675662884
9 0.0088041753290888976
10 0.0086366860628167164
11 0.0083437497344525449
12 0.0085120735765982294
13 0.0078803618229648081
14 0.0077760123211609534
15 0.0076307609103983681
16 0.0076000863338570521
17 0.0076551103010107785
18 0.0073611411233801194
19 0.0073641215945195251
20 0.0074035635242365077
21 0.0071855397211616021
22 0.0072339132849048964
23 0.0070614399331980276
24 0.0070023135324646336
25 0.0072951502735390736
26 0.0069584165132853884
27 0.0068861555568770234
28 0.006825921862163584
29 0.0069454452871891966
30 0.0067906873732536113
31 0.0067765956860766389
32 0.0067129152620022999
33 0.0066902911180980991
34 0.0066744406931464858
35 0.0065945587553788961
36 0.0065747762685549778
37 0.0069186392485992964
38 0.0065542606410552576
39 0.0065678684154728464
40 0.0065604409302623574
41 0.0064903349929427293
42 0.0065419493059213811
43 0.0064925096705428882
44 0.0064533130492123898
45 0.0064444478245189313
46 0.0064493240634982503
47 0.0064435405137497192
48 0.0064253496198096198
49 0.0064756000467723887
50 0.0063877473786548844
51 0.0063768371372963165
52 0.0063947874959652999
53 0.0063682235240687278
54 0.0063417339130637344
55 0.0063526443803598245
56 0.0063473688719068132
57 0.0063253482078354578
58 0.0063586635099582411
59 0.0065188698947108879
60 0.0063636755654677152
61 0.0063019324482441134
62 0.0064639037092794459
63 0.0063030638722432501
64 0.0063192858553303925
65 0.0063515100910512623
66 0.0063210232433306762
67 0.0062738497663168699
68 0.006263824071182077
69 0.0062602196809496587
70 0.0062675935841452679
71 0.0062513974552899738
72 0.0062613524846519527
73 0.0062444264679621681
74 0.006243392469808008
75 0.0062432322706652303
76 0.006265853285797607
77 0.006231862099104043
78 0.0062561374995631844
79 0.0062369062751756778
80 0.0062337435807644512
81 0.006238254347647975
82 0.0062235609541661328
83 0.0062295929297368231
84 0.0062276614455052341
85 0.0062237005034285137
86 0.0062549917809069733
87 0.0062158471209868699
88 0.0062545400855582777
89 0.006207215357590585
90 0.0062072210278188355
91 0.0062037942621101499
92 0.0062032958128649786
93 0.0062013815299702922
94 0.0063422100156274195
95 0.006215888137907917
96 0.0061972017579460612
97 0.0061968632618059879
98 0.0061946278861891978
99 0.0061930682986870156
100 0.0062275083500210431
101 0.006191227154552525
102 0.0062612513958368934
103 0.0061910814587780262
104 0.006198750430900595
105 0.0061900296258502168
106 0.006191968702753921
107 0.006191607294329598
108 0.0061856216129049521
109 0.0061849004113628909
110 0.0061859163708283642
111 0.0061835694655213774
112 0.0061843190704133641
113 0.0061845621209797412
114 0.0061808842161892481
115 0.0061810721003353825
116 0.0061940516822147126
117 0.0061856744160760299
118 0.0061792226038133065
119 0.0061792713005370719
120 0.0061809085965443588
121 0.0061772953394904602
122 0.0061762873972882743
123 0.0061802572725427824
124 0.0061756269893413259
125 0.0061752123762185765
126 0.0061832028252343614
127 0.0061738284180257097
128 0.0061757147103660851
129 0.0061871809445744105
130 0.0061804145765596398
131 0.006175209132138826
132 0.006171789394366709
133 0.0061751179299357152
134 0.0061731437338274553
135 0.0061702752688372999
136 0.0061700430227651709
137 0.0061708325509495223
138 0.0061759542881589854
139 0.0061703140195542181
140 0.006172237220370619
141 0.0061688798680999421
142 0.0061685299447270716
143 0.006168380554377074
144 0.0061684582887404941
145 0.0061681573138940874
146 0.006167845042353029
147 0.0061680423342712959
148 0.006167093735665795
149 0.0061700294079729571
150 0.006166764915439083
151 0.0061664315244877614
152 0.0061665718721531535
153 0.0061682874703273905
154 0.0061721637980824747
155 0.0061666766244290756
156 0.0061662373741131656
157 0.0061665458872497162
158 0.0061667956013402468
159 0.0061685317735396279
160 0.0061657613003144231
161 0.0061677734940640272
162 0.0061652194332071303
163 0.0061653542583770494
164 0.0061693998334503373
165 0.0061646762265430881
166 0.0061690402118752246
167 0.00616424200369344
168 0.0061716229823561885
169 0.0061645716867115537
170 0.0061640329187926711
171 0.0061641980152397713
172 0.0061672798981404989
173 0.0061639126370448124
174 0.0061664031064645628
175 0.0061640161647458658
176 0.0061670949859972055
177 0.0061654823212050607
178 0.0061639276582752403
179 0.0061662521590821742
180 0.006164437206601486
181 0.0061631962965589451
182 0.0061630198322871676
183 0.0061647176935057096
184 0.0061634497588119105
185 0.0061636973151658787
186 0.0061628749042922778
187 0.0061629703904863371
188 0.0061626743766809381
189 0.0061626839219793414
190 0.0061626438054307609
191 0.006164005501010714
192 0.0061652044385261213
193 0.0061624621143836133
194 0.0061626265913052661
195 0.0061626489129075696
196 0.0061623406630583414
197 0.0061630154549544456
198 0.0061622462454698247
199 0.0061628574217598127
200 0.0061625236052872678
201 0.0061627937847443344
202 0.0061627162538564605
203 0.0061649091916357712
204 0.0061621304451981223
205 0.0061620006885066371
206 0.0061628953888024814
207 0.0061619561926419949
208 0.0061619666591473084
209 0.0061618611369356879
210 0.0061625345039699013
211 0.0061619082699518914
212 0.0061618671547562197
213 0.0061620008957880635
214 0.0061618228017345849
215 0.0061624882400937433
216 0.0061619391509304166
217 0.006161964484055032
218 0.0061622007735017874
219 0.0061623699724611507
220 0.0061616062351486801
221 0.0061625798592460966
222 0.0061629654911984182
223 0.0061615379764539124
224 0.0061615128296043566
225 0.0061616376127157221
226 0.0061619652381030938
227 0.0061615458407557585
228 0.0061615129984995539
229 0.0061614842734534136
230 0.0061614935254953066
231 0.0061622538408834518
232 0.006161405605582794
233 0.006161426949741873
234 0.0061615378301607647
235 0.0061613455467462944
236 0.0061614104933838208
237 0.0061616256861133306
238 0.0061614408489065889
239 0.006161353215622758
240 0.0061612797957414193
241 0.0061615031452473034
242 0.0061621570132121654
243 0.0061614841698735077
244 0.0061613025827701746
245 0.0061618050286225577
246 0.0061612377577087638
247 0.0061613098192707478
248 0.0061613697235771963
249 0.0061612644311368498
250 0.0061612247256581931
251 0.0061611870513013124
252 0.0061611786764433508
253 0.0061612712291642053
254 0.0061612122567030227
255 0.0061618073199666366
256 0.006161247621009603
257 0.0061618993993558047
258 0.0061611295917462696
259 0.0061615741743069581
260 0.0061611730026420782
261 0.006161429132010357
262 0.006161177859463878
263 0.0061612642712637168
264 0.0061612548749560578
265 0.0061611026829688992
266 0.0061611472767258519
267 0.0061612570640217157
268 0.0061610936438730914
269 0.0061610910309017287
270 0.0061610760272468122
271 0.0061629675223213972
272 0.006161049937880277
273 0.0061610910646275772
274 0.0061613038482075545
275 0.0061614849293630432
276 0.0061610397036727825
277 0.0061612320280382948
278 0.0061611443028099008
279 0.0061610193085644875
280 0.0061614848446600182
281 0.0061610195960388487
282 0.0061610050398490162
283 0.0061610323666082068
284 0.0061610267659633058
285 0.0061610271295289279
286 0.0061610049390380646
287 0.0061610546931645397
288 0.0061610614945463967
289 0.0061610630612999517
290 0.0061610096854191852
291 0.006160998456374394
292 0.006160979291813258
293 0.0061610243460642877
294 0.0061609868841933048
295 0.0061609738857988849
296 0.0061610409162422587
297 0.0061609824838274128
298 0.0061609645346360833
299 0.0061609608156370753
300 0.0061609674038615699
301 0.0061609616865866941
302 0.0061610488813873439
303 0.0061609828165057213
304 0.00616124045720246
305 0.0061611021444798941
306 0.0061609600927219239
307 0.0061610256027641403
308 0.0061609650857843814
309 0.0061609423325321329
310 0.0061609557973838621
311 0.0061609544119956856
312 0.0061609587408743187
313 0.006160979900948012
314 0.0061609349217265691
315 0.0061609550760105339
316 0.0061609421663717523
317 0.0061611011668108321
318 0.0061609460365240169
319 0.006161223582630263
320 0.0061610707785596866
321 0.00616103282195827
322 0.0061609326655379902
323 0.0061609686855031744
324 0.006160961557591077
325 0.0061609212685404535
326 0.0061609950677941096
327 0.0061610253869809391
328 0.0061609183829256543
329 0.006160917051054985
330 0.0061609168931014979
331 0.0061609354310364272
332 0.0061609333385662171
333 0.0061610221581112961
334 0.006160926877733606
335 0.0061609113698731901
336 0.0061609145763026653
337 0.0061610466671608638
338 0.0061609082849566864
339 0.0061609857758366813
340 0.0061610013947389301
341 0.0061609060591594706
342 0.0061609077490770783
343 0.0061609188120562656
344 0.0061609040641170841
345 0.006160965358599205
346 0.0061609067739895364
347 0.0061609069164423394
348 0.0061609752316948239
349 0.0061609043167115633
350 0.0061609368441555993
351 0.0061609702868781063
352 0.0061609223900982628
353 0.0061609325006527008
354 0.0061609017407581101
355 0.0061609187296732364
356 0.0061609116424110088
357 0.00616091344881261
358 0.0061609192781321527
359 0.0061609038695612959
360 0.0061609509536089662
361 0.0061608933657747566
362 0.0061609046396640743
363 0.0061609826394656208
364 0.0061609263781942578
365 0.0061609323188542581
366 0.0061609036529464093
367 0.0061608913138989961
368 0.0061609532060311282
369 0.0061608925115503596
370 0.0061608930203285754
371 0.0061608896825136438
372 0.0061609017678367116
373 0.0061608963341982384
374 0.0061608897160023478
375 0.006160907255715874
376 0.0061609000340561741
377 0.0061608993382381702
378 0.006160888454671865
379 0.0061609000455883677
380 0.0061609867204711292
381 0.0061609148140784704
382 0.0061608877795516562
383 0.0061609006702754423
384 0.0061608888973553174
385 0.006160913930502691
386 0.0061608915543183646
387 0.006160897365324121
388 0.0061608990536062133
389 0.0061609137704018192
390 0.0061608855854024744
391 0.0061609249112525447
392 0.0061609170341214705
393 0.0061608852098116538
394 0.006160929125790718
395 0.0061609204660405485
396 0.006160885103893253
397 0.0061608857642902245
398 0.0061608843093313636
399 0.0061608824604958909
400 0.0061608829127438418
401 0.0061609103249168932
402 0.0061608831586281408
403 0.006160892539727787
404 0.00616088381440989
405 0.0061608824751518314
406 0.0061608814399819007
407 0.006160891999266665
408 0.0061608811029775458
409 0.0061608833669511273
410 0.0061608905123175595
411 0.0061608882284493781
412 0.0061608969997322561
413 0.0061608959231984053
414 0.0061608811031767562
415 0.0061608842171307562
416 0.0061608810462926624
417 0.0061608801123244896
418 0.0061608804665876007
419 0.0061608803569020119
420 0.0061608868733655283
421 0.0061608798764503335
422 0.0061608862165419319
423 0.0061608840085988241
424 0.0061608890874628565
425 0.0061608825301311615
426 0.0061608804239206257
427 0.0061608796604704641
428 0.0061608790452372048
429 0.0061608792116157008
430 0.0061608795343511226
431 0.0061608788405767504
432 0.0061608839743767414
433 0.0061608850813589591
434 0.0061608789840404844
435 0.0061608869582040326
436 0.0061608794117937581
437 0.0061608788553931875
438 0.0061608841975027903
439 0.0061608791859374644
440 0.0061608794975731834
441 0.0061608807744217547
442 0.0061608784957523357
443 0.0061608814898488498
444 0.0061608801667475815
445 0.006160878315801881
446 0.0061608816277190972
447 0.0061608784990948373
448 0.0061608940618231509
449 0.0061608778075435931
450 0.0061608794911626715
451 0.0061608778731730724
452 0.0061608789565255661
453 0.0061608791239211608
454 0.0061608800780765475
455 0.0061608791451307921
456 0.0061608805059754999
457 0.0061608816121162275
458 0.0061608792549690955
459 0.0061608792050461382
460 0.0061608776682345635
461 0.0061608786025767774
462 0.0061608819905719873
463 0.0061608819624409672
464 0.0061608782852719552
465 0.0061608780633825196
466 0.0061608792767756373
467 0.0061608771518571704
468 0.0061608775267290019
469 0.0061608770525171429
470 0.0061608773139471074
471 0.0061608865762416785
472 0.0061608797480531292
473 0.0061608774027861156
474 0.0061608776743387684
475 0.0061608770258823713
476 0.0061608770196815302
477 0.0061608771858635359
478 0.006160881268394848
479 0.0061608805085278393
480 0.0061608773118021929
481 0.0061608787385560096
482 0.0061608770550438466
483 0.0061608773607745053
484 0.006160876745896487
485 0.0061608783250456343
486 0.0061608771800095814
487 0.006160877581859534
488 0.0061608768798728014
489 0.0061608787699327884
490 0.0061608805707865201
491 0.0061608806322085924
492 0.0061608781106610193
493 0.00616087658271671
494 0.0061608774349279976
495 0.0061608799700605486
496 0.0061608765666170285
497 0.006160876796266623
498 0.0061608767764752869
499 0.0061608778630152395
500 0.0061608779413366939
501 0.0061608764604486211
502 0.0061608778202852264
503 0.0061608764262877248
504 0.0061608763845760308
505 0.0061608766958673854
506 0.0061608774865129353
507 0.0061608764520632488
508 0.0061608775792724316
509 0.0061608766552194933
510 0.0061608763584209596
511 0.0061608782768133013
512 0.0061608763182314915
513 0.0061608763427884183
514 0.006160876472483214
515 0.006160878449717723
516 0.0061608783427635986
517 0.0061608782705294199
518 0.0061608762433594377
519 0.0061608763825795627
520 0.0061608768080018226
521 0.0061608763928593215
522 0.0061608784575152755
523 0.0061608893278448512
524 0.0061608762669517984
525 0.006160876520503315
526 0.0061608762132064438
527 0.0061608762982091224
528 0.0061608762402144924
529 0.0061608763350181374
530 0.0061608762335748565
531 0.0061608774263791216
532 0.0061608761977098364
533 0.0061608764377672305
534 0.0061608762885993502
535 0.0061608761359464512
536 0.0061608792913819734
537 0.0061608763708996591
538 0.0061608764216451294
539 0.006160876114948372
540 0.0061608760865939716
541 0.0061608761627604822
542 0.0061608763197560749
543 0.0061608774381844899
544 0.00616087658418222
545 0.0061608772306980218
546 0.0061608762342611392
547 0.0061608762102192925
548 0.0061608768798505761
549 0.0061608765535353469
550 0.0061608760514932619
551 0.0061608766991900531
552 0.0061608763530943307
553 0.0061608761896902037
554 0.0061608767611747162
555 0.0061608780413369996
556 0.0061608761522924087
557 0.0061608761253956349
558 0.0061608760155434164
559 0.0061608760054196578
560 0.0061608761887076363
561 0.0061608769083713998
562 0.0061608760122101851
563 0.0061608765538230673
564 0.0061608761556809924
565 0.0061608760940212127
566 0.0061608760322515634
567 0.0061608760202431397
568 0.006160876472425551
569 0.00616087739358466
570 0.0061608765424782178
571 0.0061608760477816146
572 0.006160876134342394
573 0.0061608759754517997
574 0.0061608760132815816
575 0.0061608759638446279
576 0.0061608759969769113
577 0.0061608759952343425
578 0.0061608759613228222
579 0.0061608759823616977
580 0.0061608759847696986
581 0.0061608759453028435
582 0.0061608759647052225
583 0.0061608761525938161
584 0.0061608759676739094
585 0.0061608759620997754
586 0.0061608759773248466
587 0.0061608759505428984
588 0.0061608760620369052
589 0.0061608759681168147
590 0.0061608761720854249
591 0.0061608763104974993
592 0.0061608762325705141
593 0.006160876253598139
594 0.0061608759317571997
595 0.0061608759693960492
596 0.0061608759255899663
597 0.0061608761831478979
598 0.0061608759998387627
599 0.0061608759304658733
600 0.0061608759499558984
601 0.0061608760190076601
602 0.0061608763817413356
603 0.0061608759506266344
604 0.0061608759160884999
605 0.0061608759146155011
606 0.0061608759809634473
607 0.0061608765945207677
608 0.0061608762513311877
609 0.0061608760110957771
610 0.00616087590526766
611 0.0061608762398832808
612 0.0061608759158544016
613 0.0061608759255815668
614 0.006160875983535246
615 0.0061608759146058066
616 0.0061608758993874435
617 0.0061608759123054219
618 0.0061608760829496905
619 0.0061608760342174813
620 0.0061608760745630944
621 0.0061608759678714571
622 0.0061608759092306236
623 0.0061608759574755768
624 0.0061608760185584066
625 0.006160875911566761
626 0.0061608759024130832
627 0.0061608759512349273
628 0.0061608760787317252
629 0.006160875903541925
630 0.0061608759281732949
631 0.0061608758885400043
632 0.0061608758931010555
633 0.0061608759457750274
634 0.0061608763260273484
635 0.0061608760683751372
636 0.0061608760798926143
637 0.0061608759917150587
638 0.0061608759608387884
639 0.0061608758927850097
640 0.0061608759308863928
641 0.006160876156861254
642 0.0061608758972939298
643 0.0061608758960162661
644 0.0061608758964932413
645 0.0061608759285757585
646 0.0061608758836862931
647 0.0061608759159262668
648 0.0061608761643290894
649 0.0061608759705596046
650 0.0061608759123166221
651 0.006160876029631673
652 0.0061608759193412773
653 0.0061608759191031075
654 0.0061608758793328207
655 0.0061608758969194256
656 0.0061608760294491159
657 0.0061608759383769297
658 0.0061608760282200001
659 0.0061608759161232074
660 0.0061608758928242474
661 0.0061608758768507627
662 0.0061608759526151913
663 0.006160875922817775
664 0.0061608758962883904
665 0.0061608760369034057
666 0.0061608758735868432
667 0.00616087588931885
668 0.0061608758828708161
669 0.0061608758965014188
670 0.0061608759223506816
671 0.0061608758872692491
672 0.0061608758858751785
673 0.006160875918053422
674 0.0061608759045356423
675 0.0061608759043445269
676 0.0061608758764911979
677 0.0061608758727943157
678 0.0061608758866684267
679 0.0061608758704274945
680 0.0061608758907421611
681 0.00616087592132427
682 0.0061608758743609054
683 0.0061608758699198069
684 0.0061608758955805989
685 0.0061608758704981992
686 0.0061608759734801018
687 0.0061608758686659375
688 0.0061608758690918381
689 0.0061608758763603885
690 0.0061608758818881872
691 0.0061608758709582948
692 0.006160875884008106
693 0.006160875891587589
694 0.006160875915268876
695 0.0061608758703766342
696 0.006160875898432617
697 0.0061608758778267329
698 0.0061608759876444468
699 0.0061608758743287827
700 0.0061608758778164832
701 0.0061608758965211435
702 0.006160875870679542
703 0.0061608758725593352
704 0.0061608758868019102
705 0.006160875908748263
706 0.0061608758667420398
707 0.0061608758960832177
708 0.006160875866672794
709 0.0061608759216911146
710 0.0061608758817799907
711 0.0061608759179283433
712 0.0061608758654332837
713 0.0061608759006803598
714 0.0061608758781139901
715 0.0061608758821787074
716 0.0061608759015472393
717 0.0061608758756788746
718 0.0061608758656563432
719 0.0061608758894352049
720 0.006160875866608493
721 0.0061608758658860058
722 0.0061608758794676
723 0.0061608759123336866
724 0.0061608758664415536
725 0.0061608758781561733
726 0.0061608758658460334
727 0.0061608758719042291
728 0.0061608758693325024
729 0.0061608758636856886
730 0.0061608758648372336
731 0.0061608758674322394
732 0.0061608758630884832
733 0.0061608758638965859
734 0.0061608758648456791
735 0.0061608758775484659
736 0.0061608758634514732
737 0.0061608758929945287
738 0.006160875898520787
739 0.0061608758649609628
740 0.0061608758639607429
741 0.0061608758631310429
742 0.0061608758720833462
743 0.0061608759135833987
744 0.00616087586628466
745 0.0061608758644307862
746 0.0061608758628825247
747 0.0061608758623675555
748 0.006160875874322333
749 0.0061608758642199227
750 0.0061608758623598004
751 0.0061608758637861499
752 0.0061608758704531277
753 0.0061608758695215812
754 0.0061608758671779376
755 0.0061608758841982803
756 0.0061608758638313369
757 0.0061608758706595381
758 0.0061608758630082045
759 0.006160875867080147
760 0.0061608758622706825
761 0.0061608758751585616
762 0.0061608758621722274
763 0.0061608758631307098
764 0.0061608758703293768
765 0.0061608758970901666
766 0.0061608758622906821
767 0.0061608758662928011
768 0.0061608758826205527
769 0.0061608758618104118
770 0.0061608758656498258
771 0.0061608758715213843
772 0.0061608758683364771
773 0.0061608758815832809
774 0.0061608758775739498
775 0.0061608758692282741
776 0.00616087587080615
777 0.0061608758620688804
778 0.0061608758618712416
779 0.0061608758841872171
780 0.0061608758679483526
781 0.0061608758849937429
782 0.0061608758624701098
783 0.0061608758618437297
784 0.006160875872279625
785 0.0061608758782988205
786 0.0061608758623702565
787 0.0061608758638026697
788 0.0061608758621749847
789 0.0061608758612153904
790 0.0061608758633955761
791 0.0061608758656312964
792 0.0061608758633573662
793 0.0061608758611772108
794 0.006160875861531326
795 0.0061608758622596783
796 0.0061608758612536028
797 0.0061608758623496436
798 0.0061608758626409974
799 0.006160875864266082
800 0.0061608758613319742
801 0.0061608758615745839
802 0.0061608758612883086
803 0.0061608758673247646
804 0.0061608758610222688
805 0.0061608758942144183
806 0.0061608758611415293
807 0.0061608758629514903
808 0.0061608758655079228
809 0.0061608758649185896
810 0.0061608758639165023
811 0.0061608758707160927
812 0.0061608758609352767
813 0.0061608758621156294
814 0.0061608758664788172
815 0.006160875861443248
816 0.006160875867592298
817 0.0061608758618770781
818 0.0061608758625119747
819 0.0061608758610791903
820 0.0061608758612046862
821 0.0061608758611637528
822 0.0061608758782803492
823 0.0061608758644877909
824 0.0061608758614219872
825 0.0061608758647037649
826 0.0061608758607886891
827 0.0061608758613960818
828 0.0061608758647315048
829 0.006160875861182062
830 0.0061608758608521653
831 0.0061608758609364243
832 0.0061608758645087056
833 0.0061608758646154215
834 0.0061608758614378539
835 0.0061608758615136318
836 0.0061608758608475674
837 0.0061608758616160351
838 0.0061608758615064856
839 0.0061608758625826153
840 0.0061608758607440313
841 0.0061608758641167995
842 0.0061608758614323956
843 0.0061608758612132358
844 0.0061608758629045747
845 0.0061608758609972471
846 0.006160875860862414
847 0.0061608758608718622
848 0.006160875862663155
849 0.0061608758625767979
850 0.0061608758618137494
851 0.0061608758607649573
852 0.0061608758619257397
853 0.0061608758627569897
854 0.0061608758607077504
855 0.0061608758629807941
856 0.0061608758606497005
857 0.0061608758606928422
858 0.0061608758649816832
859 0.0061608758606717688
860 0.0061608758607621366
861 0.0061608758612466761
862 0.0061608758607168499
863 0.0061608758607122182
864 0.0061608758621981711
865 0.006160875861246454
866 0.0061608758609486497
867 0.0061608758607661976
868 0.0061608758606508428
869 0.0061608758612347663
870 0.0061608758609387453
871 0.0061608758619587757
872 0.0061608758610152093
873 0.0061608758606598946
874 0.0061608758617654963
875 0.0061608758606063853
876 0.006160875861881218
877 0.0061608758607199368
878 0.0061608758606354194
879 0.0061608758651590994
880 0.0061608758607813391
881 0.0061608758606028326
882 0.0061608758609754217
883 0.0061608758614453141
884 0.0061608758606881281
885 0.0061608758606961174
886 0.0061608758617873642
887 0.0061608758617904009
888 0.0061608758606551553
889 0.0061608758605801346
890 0.0061608758605835303
891 0.0061608758616061004
892 0.0061608758606771612
893 0.0061608758609092238
894 0.0061608758612049777
895 0.0061608758606491072
896 0.0061608758605839788
897 0.0061608758606077263
898 0.0061608758605907338
899 0.0061608758609063684
900 0.0061608758606006382
901 0.0061608758605627414
902 0.0061608758605344238
903 0.0061608758605632861
904 0.0061608758608851424
905 0.0061608758606741957
906 0.0061608758606183289
907 0.0061608758605565988
908 0.006160875860554184
909 0.0061608758605232097
910 0.006160875860826206
911 0.0061608758605210534
912 0.0061608758607303096
913 0.0061608758605523105
914 0.0061608758605256079
915 0.0061608758605924251
916 0.006160875860746708
917 0.0061608758605800574
918 0.0061608758607219821
919 0.0061608758605306299
920 0.006160875860730052
921 0.0061608758605808181
922 0.0061608758605252879
923 0.0061608758606667251
924 0.0061608758606176593
925 0.0061608758608230644
926 0.0061608758610796179
927 0.0061608758608130447
928 0.0061608758605209892
929 0.0061608758606633051
930 0.0061608758606615903
931 0.0061608758605840967
932 0.0061608758605195641
933 0.0061608758606070358
934 0.0061608758606462657
935 0.0061608758605100102
936 0.0061608758608072802
937 0.0061608758606010562
938 0.006160875860843725
939 0.006160875860649475
940 0.0061608758605301833
941 0.0061608758607926617
942 0.006160875860512202
943 0.0061608758606849327
944 0.0061608758606533148
945 0.0061608758607153875
946 0.0061608758605450403
947 0.0061608758605441339
948 0.0061608758607193019
949 0.0061608758607053686
950 0.006160875860660088
951 0.006160875860549103
952 0.0061608758606088608
953 0.0061608758604957368
954 0.0061608758605049968
955 0.0061608758607219066
956 0.0061608758608454771
957 0.0061608758605211341
958 0.0061608758605477074
959 0.0061608758605023739
960 0.0061608758605077481
961 0.0061608758608086532
962 0.0061608758605185675
963 0.0061608758604870632
964 0.0061608758604959147
965 0.0061608758604888023
966 0.006160875860509364
967 0.006160875860786068
968 0.0061608758605166802
969 0.0061608758614201831
970 0.0061608758608596272
971 0.0061608758604935632
972 0.0061608758605879608
973 0.0061608758606606804
974 0.0061608758605202129
975 0.006160875860562365
976 0.0061608758605289377
977 0.006160875860576104
978 0.0061608758605059682
979 0.0061608758604831983
980 0.0061608758606659479
981 0.0061608758605006878
982 0.0061608758604815555
983 0.0061608758604852201
984 0.006160875860484063
985 0.0061608758604862089
986 0.0061608758605925847
987 0.0061608758605311495
988 0.0061608758604818408
989 0.0061608758604857422
990 0.0061608758605040011
991 0.0061608758604969425
992 0.0061608758604848549
993 0.006160875860485142
994 0.0061608758604937914
995 0.0061608758605256513
996 0.0061608758605043515
997 0.0061608758605703612
998 0.0061608758604967109
999 0.0061608758604837976
