iter obj
10 0.0103165673469671
20 0.00930712954028524
30 0.00876322033745801
40 0.00839497310141402
50 0.00811862348267304
60 0.00789668240871155
70 0.00771283584254472
80 0.007557585654773
90 0.00742380915388063
100 0.00730846518908705
110 0.00720890144562852
120 0.00712169064830838
130 0.00704380828928541
140 0.00697416381809101
150 0.00691174726918327
160 0.00685538250783937
170 0.00680466411346185
180 0.0067585262462558
190 0.00671657953189376
200 0.00667810999489539
210 0.00664304163421471
220 0.00661094170924793
230 0.00658144482668883
240 0.0065544902924309
250 0.00652954865207457
260 0.00650642893866447
270 0.00648486302302258
280 0.0064647495029989
290 0.00644605617992739
300 0.00642867731720888
310 0.00641247782179111
320 0.00639733452695222
330 0.00638333918907365
340 0.0063701653745561
350 0.00635779098736705
360 0.00634622902095513
370 0.00633548831526827
380 0.00632538992286756
390 0.00631589278821547
400 0.0063069416579109
410 0.00629853376712074
420 0.00629090751265963
430 0.00628396106111417
440 0.00627740457489226
450 0.00627123436005729
460 0.00626543474002363
470 0.00625999633522845
480 0.00625484450886931
490 0.00624996737335311
500 0.00624535554668155
510 0.00624097701723086
520 0.0062368663038215
530 0.00623300336765987
540 0.00622934270523488
550 0.00622587241831133
560 0.00622258626972519
570 0.00621947333988723
580 0.00621651888876496
590 0.00621371801951974
600 0.00621110614455547
610 0.00620864405586698
620 0.00620631458311326
630 0.00620410377778099
640 0.00620199885835523
650 0.00620001402480892
660 0.00619813557386044
670 0.00619635244102198
680 0.00619466114198062
690 0.00619305290582575
700 0.00619152272851029
710 0.00619006450996671
720 0.00618867443720183
730 0.00618735107295665
740 0.00618609107787993
750 0.00618488885455178
760 0.00618374157137795
770 0.00618264739693334
780 0.00618160662041541
790 0.00618061374193169
800 0.0061796648223294
810 0.00617875865832078
820 0.00617789106306616
830 0.00617706177189491
840 0.00617627153867993
850 0.00617551615873984
860 0.00617481537200263
870 0.00617414449513808
880 0.00617350311629181
890 0.00617288829112286
900 0.00617229987788889
910 0.00617173809900711
920 0.00617119950454174
930 0.00617068344938612
940 0.00617018987981085
950 0.00616971982384144
960 0.0061692716019617
970 0.00616884211470447
980 0.00616843152548952
990 0.00616803751390803
1000 0.00616765996958269
