iter obj
0 0.5
5 0.5
10 0.036936695602462578
15 0.02068211885623332
20 0.019907851656414632
25 0.019874313880680044
30 0.019862932148741266
35 0.019860871955474875
40 0.019860565625808631
45 0.019860556759054231
50 0.019860412674228639
55 0.019860412630077321
60 0.019860407535880312
65 0.019860406790240401
70 0.019860406904927241
75 0.019860406858126126
80 0.019860406565586821
85 0.019860406558461018
90 0.019860406554978966
95 0.01986040655569752
100 0.019860406553082001
105 0.019860406553495188
110 0.019860406552976106
115 0.019860406553130313
120 0.019860406552947553
125 0.019860406552948892
130 0.019860406552948909
135 0.019860406552947768
140 0.019860406552945062
145 0.019860406552944875
150 0.019860406552944871
155 0.019860406552944833
160 0.019860406552944812
