iter obj
0 0.024261490019715375
1 0.026643143416754174
2 0.022541836596780138
3 0.021132847526807334
4 0.020666943757359793
5 0.020290580567621199
6 0.020170543495693697
7 0.020015243925402982
8 0.019960002111727541
9 0.01994928355578927
10 0.019902358459140446
11 0.01990229270582454
12 0.019915889845640335
13 0.019875199402878598
14 0.019871279111002144
15 0.019871871064770924
16 0.019867334179478134
17 0.019868722220726442
18 0.019863020098702149
19 0.019862628971891508
20 0.019862862100418568
21 0.019861615885401186
22 0.019861956019745393
23 0.019861732304629863
24 0.01986147893331499
25 0.019861048711604056
26 0.019861026528108824
27 0.019860787428475784
28 0.019860867482899461
29 0.019860777739070752
30 0.019860507966208148
31 0.019860513195143193
32 0.01986050849559488
33 0.019860482943080644
34 0.019860457838923311
35 0.01986046351213085
36 0.019860470828257842
37 0.019860424843780047
38 0.019860451120314839
39 0.019860475620834827
40 0.019860415605613066
41 0.019860416061599752
42 0.019860426689997743
43 0.019860425090473057
44 0.019860412359506769
45 0.019860425985622637
46 0.01986041001862128
47 0.01986041495834024
48 0.019860408518148295
49 0.019860412498332106
50 0.01986040784285106
51 0.019860410430161249
52 0.019860407168657213
53 0.019860412014904388
54 0.019860407147890141
55 0.019860407201483323
56 0.019860407694129341
57 0.01986040865670774
58 0.019860406792668744
59 0.019860407262503273
60 0.019860406937410424
61 0.019860409456354887
62 0.019860406730161578
63 0.019860406620900481
64 0.019860406642039582
65 0.019860406939619026
66 0.01986040674349665
67 0.019860406609870675
68 0.019860406627148816
69 0.019860406617803746
70 0.019860406770169765
71 0.019860406576214112
72 0.019860406609624723
73 0.019860406572380449
74 0.019860406559879463
75 0.019860406559439141
76 0.019860406557631098
77 0.019860406578480448
78 0.019860406555618576
79 0.019860406656924443
80 0.019860406557250684
81 0.019860406559539988
82 0.019860406569837088
83 0.019860406566622284
84 0.019860406566373914
85 0.019860406553641019
86 0.019860406553965485
87 0.019860406560952712
88 0.019860406554342302
89 0.019860406553884158
90 0.019860406553665572
91 0.019860406553131541
92 0.019860406556886225
93 0.019860406553856545
94 0.019860406553564931
95 0.019860406553830253
96 0.019860406553203192
97 0.019860406553109281
98 0.019860406553398244
99 0.019860406554443523
100 0.019860406553094685
101 0.019860406552982129
102 0.019860406553531478
103 0.019860406553117639
104 0.019860406553034345
105 0.019860406553081321
106 0.019860406552970784
107 0.019860406553011491
108 0.01986040655300253
109 0.019860406552957809
110 0.019860406552953378
111 0.019860406552949229
112 0.019860406552953236
113 0.01986040655295105
114 0.019860406552946696
115 0.01986040655295088
116 0.019860406552945943
117 0.019860406552947442
118 0.019860406552945686
119 0.019860406552985172
120 0.019860406552960747
121 0.019860406552945496
122 0.019860406552948157
123 0.019860406552945516
124 0.019860406552945811
125 0.019860406552944954
126 0.019860406552946203
127 0.019860406552944958
128 0.019860406552945437
129 0.0198604065529468
130 0.019860406552944892
131 0.019860406552945145
132 0.019860406552945797
133 0.019860406552945291
134 0.019860406552944868
135 0.019860406552944802
136 0.019860406552944809
137 0.019860406552945065
138 0.019860406552944909
139 0.019860406552944881
140 0.019860406552944847
141 0.019860406552945027
142 0.01986040655294485
143 0.019860406552944881
144 0.019860406552944857
145 0.019860406552944836
146 0.019860406552944757
147 0.019860406552944833
148 0.01986040655294484
149 0.019860406552944791
