iter obj
10 0.02753894004838
20 0.0241971110331614
30 0.0225591222138131
40 0.0215959449676333
50 0.0210037850489334
60 0.0206107820737177
70 0.0203582631356872
80 0.0201915239883411
90 0.0200754864379715
100 0.0199943621217361
110 0.0199374942928611
120 0.0198974886852987
130 0.0198691505795677
140 0.0198641917562866
150 0.0198627952830119
160 0.0198619581103008
170 0.0198614314812003
180 0.0198610923280959
190 0.0198608669828523
200 0.0198607178146871
210 0.0198606191742413
220 0.0198605520266128
230 0.0198605059750845
240 0.0198604744310285
250 0.0198604525092926
260 0.0198604379672191
270 0.0198604284189443
280 0.0198604218890366
290 0.0198604173151736
300 0.0198604141355935
310 0.0198604118949545
320 0.019860410327652
330 0.0198604092261446
340 0.0198604084504954
350 0.0198604079050963
360 0.0198604075171961
370 0.0198604072403714
380 0.019860407045024
390 0.0198604069048646
400 0.0198604068046986
410 0.0198604067334364
420 0.0198604066824481
430 0.0198604066460044
440 0.0198604066200746
450 0.0198604066013492
460 0.0198604065878387
470 0.0198604065780861
480 0.019860406571111
490 0.0198604065660784
500 0.0198604065624438
510 0.0198604065598241
520 0.0198604065579266
530 0.0198604065565533
540 0.0198604065555625
550 0.0198604065548454
560 0.0198604065543252
570 0.0198604065539498
580 0.0198604065536753
590 0.0198604065534764
600 0.0198604065533321
610 0.0198604065532271
620 0.0198604065531508
630 0.0198604065530953
640 0.0198604065530548
650 0.0198604065530252
660 0.0198604065530036
670 0.0198604065529877
680 0.0198604065529762
690 0.0198604065529678
700 0.0198604065529616
710 0.0198604065529571
720 0.0198604065529538
730 0.0198604065529514
740 0.0198604065529497
750 0.0198604065529484
760 0.0198604065529475
770 0.0198604065529467
780 0.0198604065529462
790 0.0198604065529458
800 0.0198604065529456
810 0.0198604065529454
820 0.0198604065529452
830 0.0198604065529451
840 0.019860406552945
850 0.019860406552945
860 0.0198604065529449
870 0.0198604065529449
880 0.0198604065529449
890 0.0198604065529448
900 0.0198604065529448
910 0.0198604065529449
920 0.0198604065529448
930 0.0198604065529448
940 0.0198604065529448
950 0.0198604065529448
960 0.0198604065529448
970 0.0198604065529448
980 0.0198604065529448
990 0.0198604065529448
1000 0.0198604065529448
