iter obj
0 0.046961744402922501
1 0.045846853467104709
2 0.03935415492437104
3 0.036592051456694204
4 0.034678921605144901
5 0.033356293001161899
6 0.032377160959639016
7 0.031619907788798897
8 0.031014976837538868
9 0.030519043622123945
10 0.030103462954206048
11 0.029748318896262435
12 0.029438497812215841
13 0.029165558417845634
14 0.028921721380078716
15 0.028700950862512727
16 0.028500122858139056
17 0.028316127979776621
18 0.028146650004971387
19 0.027989981796740067
20 0.027844385425193068
21 0.027708132813942458
22 0.027580547256743145
23 0.027460234480997096
24 0.027346478518729227
25 0.027238459715659295
26 0.027135743782681399
27 0.027038064464110157
28 0.026944729213217694
29 0.026855424043523351
30 0.026769808096222703
31 0.026687509356022685
32 0.026608300742745741
33 0.026532333983997899
34 0.02645892200482701
35 0.026388049696142932
36 0.026319552321097832
37 0.026253118704440762
38 0.026188647978220177
39 0.026126031992946056
40 0.026065215998114941
41 0.026006193023524922
42 0.025948758228461998
43 0.025892810932109673
44 0.025838381924273363
45 0.025785190476968794
46 0.025733324796996415
47 0.025682892919200829
48 0.025633691934540986
49 0.025585539264819972
50 0.025538519933669495
51 0.025492682264223038
52 0.025447917689813398
53 0.025404237880322814
54 0.025361712778486197
55 0.025320284266052377
56 0.025279663365281646
57 0.025239908748676002
58 0.025200934517984303
59 0.025162659669760577
60 0.025125037181939258
61 0.025088104852972009
62 0.025051856425253632
63 0.025016302979576768
64 0.024981393293784498
65 0.024947096408145596
66 0.024913464528246509
67 0.024880412245631443
68 0.024847914758605601
69 0.02481594241941671
70 0.024784585594307327
71 0.024753708362673883
72 0.024723435190729604
73 0.024693657316559266
74 0.024664302094312536
75 0.024635409911899081
76 0.024606948414783596
77 0.024578943517310069
78 0.024551302777724809
79 0.024524075381960803
80 0.024497301515382559
81 0.024470901147964543
82 0.024444826912885954
83 0.024419107528078056
84 0.024393847600495001
85 0.024368899067087408
86 0.024344271843654033
87 0.024319972678256363
88 0.024296078847478905
89 0.02427260210732787
90 0.024249415638286302
91 0.024226543551535241
92 0.024203996657683902
93 0.024181716692500767
94 0.02415977266535238
95 0.024138119399302455
96 0.024116680898920981
97 0.024095495607156226
98 0.024074630686376216
99 0.024054069600463159
100 0.024033734015140633
101 0.024013621978526248
102 0.023993735873963008
103 0.023974030008078306
104 0.023954519777037168
105 0.023935205296145814
106 0.023916099077026565
107 0.023897179041359132
108 0.023878492338821673
109 0.023859999679745572
110 0.023841776328650151
111 0.023823843746054212
112 0.023806101878610368
113 0.023788572189484661
114 0.023771222926904725
115 0.023754043792896359
116 0.023737075242355601
117 0.023720273415996092
118 0.023703633027732908
119 0.023687206224948593
120 0.023670950206157722
121 0.023654882839014957
122 0.023638988949589712
123 0.023623289980161
124 0.02360774619096772
125 0.023592309801839916
126 0.023576992856562281
127 0.023561784702843851
128 0.023546712238838918
129 0.023531759089933366
130 0.023516948601767451
131 0.023502303910479062
132 0.023487827783605007
133 0.023473502441215911
134 0.023459315535844256
135 0.023445261819286998
136 0.023431326651296849
137 0.023417492399684475
138 0.02340379745727595
139 0.023390257491220003
140 0.023376858311563026
141 0.023363586840635303
142 0.023350398828786832
143 0.023337338952998419
144 0.02332439820708284
145 0.023311571075067247
146 0.023298843857334925
147 0.023286225123293772
148 0.023273728920351299
149 0.023261304332092534
150 0.023248959955553157
151 0.023236690578699294
152 0.023224517924733505
153 0.023212449783114174
154 0.02320047755580781
155 0.023188592783055278
156 0.023176817498890313
157 0.023165144501270715
158 0.023153598107269708
159 0.023142122760626462
160 0.023130705095305841
161 0.023119358197320375
162 0.023108083983949392
163 0.023096878980028251
164 0.023085745570565218
165 0.023074704654289381
166 0.023063740895052823
167 0.023052859297403819
168 0.023042064714456807
169 0.023031346739306225
170 0.023020703918997288
171 0.023010131253364222
172 0.022999646499570377
173 0.022989247974618411
174 0.022978929981695245
175 0.022968686898459659
176 0.022958545050098606
177 0.022948471510185323
178 0.022938452615681129
179 0.022928509044739757
180 0.022918631492522892
181 0.022908803199945357
182 0.022899035924828576
183 0.022889321857041754
184 0.02287965405905967
185 0.022870051978235988
186 0.022860515369646048
187 0.022851052980031022
188 0.022841640866240277
189 0.022832290199505865
190 0.022823024161055507
191 0.022813853489549625
192 0.02280476657347472
193 0.022795751444391787
194 0.022786769999738093
195 0.022777846010504543
196 0.022768989851709574
197 0.02276019131332745
198 0.022751452052525527
199 0.022742747458388411
200 0.022734074923503312
201 0.022725470408466945
202 0.022716909373203375
203 0.022708395719861416
204 0.02269993543272187
205 0.02269152384897084
206 0.022683150198200504
207 0.022674828175885949
208 0.02266655783472148
209 0.022658348529861927
210 0.022650185429662174
211 0.022642053270953828
212 0.022633962036501868
213 0.022625920565301123
214 0.022617926056228487
215 0.022609991073499831
216 0.022602100112194979
217 0.022594237845159758
218 0.022586421037786259
219 0.022578663717641348
220 0.022570944717345373
221 0.022563281943367024
222 0.022555669923849799
223 0.02254808204459904
224 0.022540534691048358
225 0.022533017124598282
226 0.022525536240875742
227 0.022518097424262813
228 0.022510713220330256
229 0.022503355877889628
230 0.022496035083276571
231 0.022488743469840665
232 0.022481483780433419
233 0.022474254891114195
234 0.022467075901281931
235 0.022459955537937618
236 0.022452870390785723
237 0.022445818915837697
238 0.022438807664735026
239 0.022431836911734147
240 0.02242489791639532
241 0.022417984338678178
242 0.022411103618694646
243 0.022404259488554869
244 0.022397449044257937
245 0.022390693361326184
246 0.022383992398967188
247 0.022377362143075164
248 0.022370757011908299
249 0.022364169888664156
250 0.022357601375937831
251 0.022351072850675332
252 0.02234456700604303
253 0.022338092994368498
254 0.022331672798997691
255 0.022325292854122193
256 0.022318946193483402
257 0.022312638429220873
258 0.02230636507242998
259 0.022300129414595041
260 0.022293927781128105
261 0.022287749062348608
262 0.022281592387478136
263 0.02227546835793099
264 0.022269361784400272
265 0.022263275361388796
266 0.022257205637168449
267 0.022251163885048397
268 0.022245166918505446
269 0.022239206081630637
270 0.022233262976161232
271 0.022227348238612686
272 0.022221466681845929
273 0.022215612790192921
274 0.022209794174232043
275 0.022204002657796925
276 0.02219824398713921
277 0.022192508903572935
278 0.022186798159674604
279 0.022181115585105559
280 0.022175467663080112
281 0.022169864549511607
282 0.022164297898624421
283 0.022158759279967754
284 0.022153245409306858
285 0.022147749192830819
286 0.022142281820061296
287 0.022136836490196866
288 0.02213141208998886
289 0.022126011592631136
290 0.022120627320172562
291 0.022115258471769293
292 0.022109903519078915
293 0.022104577606993095
294 0.022099278383643017
295 0.022094000574846936
296 0.022088756975726032
297 0.022083539695398509
298 0.02207834511399558
299 0.022073171652463273
300 0.022068014135710214
301 0.022062874826007561
302 0.022057759325448796
303 0.022052661757867319
304 0.022047578592843089
305 0.022042516321626262
306 0.022037471563011567
307 0.022032440180138599
308 0.022027432047709537
309 0.022022440573040807
310 0.022017491485019008
311 0.022012568193023451
312 0.02200766335487004
313 0.022002772497754734
314 0.021997907736696892
315 0.021993068373677486
316 0.021988251068713601
317 0.02198345983252745
318 0.021978688038909924
319 0.021973930934272516
320 0.021969195151492697
321 0.021964476192939942
322 0.021959771573031986
323 0.021955082091136568
324 0.021950414339952738
325 0.021945764783988787
326 0.0219411321465111
327 0.021936522961808806
328 0.021931925215097722
329 0.021927342024985811
330 0.021922777119182443
331 0.021918230078456807
332 0.021913701763780252
333 0.021909194411644378
334 0.021904706595956662
335 0.021900232963422219
336 0.021895768264494318
337 0.021891320088830848
338 0.02188688960472986
339 0.021882475111150459
340 0.021878077984779479
341 0.021873697397763726
342 0.021869343940940787
343 0.021865001024238093
344 0.021860666516409281
345 0.021856350342122521
346 0.021852047566060413
347 0.021847760030284338
348 0.021843494682889021
349 0.02183925072375251
350 0.021835028776116479
351 0.021830822812653927
352 0.021826633337173423
353 0.021822457827549928
354 0.021818292275071077
355 0.021814134152248428
356 0.021809991824705898
357 0.021805866108809181
358 0.021801762932589421
359 0.021797677570454269
360 0.021793617993036474
361 0.021789582545740635
362 0.021785554436362448
363 0.021781540332330523
364 0.021777536163998239
365 0.021773546520557102
366 0.021769573660392286
367 0.021765611053700857
368 0.021761655746196575
369 0.021757718567679916
370 0.021753801584526423
371 0.021749890776855893
372 0.021745990457233213
373 0.021742110374240817
374 0.021738242877705892
375 0.021734389776238535
376 0.021730549297002796
377 0.021726717052061008
378 0.021722895737978767
379 0.021719089652443995
380 0.021715304266671277
381 0.021711528909072422
382 0.021707760071468282
383 0.021704002360469207
384 0.021700260624575519
385 0.021696539036890491
386 0.021692833812073719
387 0.021689142942642424
388 0.021685471286003347
389 0.021681808908007066
390 0.021678159311810673
391 0.021674523962592548
392 0.021670902274426009
393 0.021667288341928444
394 0.021663690003006195
395 0.021660105922891363
396 0.021656533310415352
397 0.021652974473669741
398 0.021649426150813667
399 0.021645885722174078
400 0.021642353356655059
401 0.021638839995578314
402 0.021635344169573412
403 0.021631864139866983
404 0.02162839330296603
405 0.021624932917770973
406 0.021621479885875844
407 0.021618034537274834
408 0.021614606086888422
409 0.021611189459974596
410 0.021607780250704502
411 0.021604378932147523
412 0.021600986123447099
413 0.021597608377363981
414 0.021594244277228933
415 0.02159089232872205
416 0.021587550855058472
417 0.02158421910745488
418 0.021580897595628857
419 0.021577582221867671
420 0.021574278704721138
421 0.021570994098871452
422 0.021567729106877057
423 0.021564474856874058
424 0.021561230361974389
425 0.021557996231866244
426 0.021554771249395376
427 0.0215515512665778
428 0.021548346980938004
429 0.021545153196028715
430 0.021541971586160499
431 0.021538803567397253
432 0.021535647156384868
433 0.021532507755551586
434 0.021529379592160131
435 0.021526269669981321
436 0.021523168131863901
437 0.021520074340236034
438 0.021516988288617526
439 0.021513907097633914
440 0.021510830976795271
441 0.021507760880835031
442 0.021504703974873734
443 0.021501653945064991
444 0.0214986176647705
445 0.021495594259236288
446 0.021492579866490266
447 0.021489577280359332
448 0.021486582841804474
449 0.021483598976356183
450 0.021480621006774562
451 0.021477654131047859
452 0.021474692730648129
453 0.02147173781547981
454 0.021468797813896299
455 0.021465867619211647
456 0.021462942607281717
457 0.021460027629899275
458 0.021457123426573372
459 0.021454223604099796
460 0.021451330871926317
461 0.021448445959169657
462 0.021445570609535405
463 0.021442709206802798
464 0.021439860530058009
465 0.02143701772379393
466 0.021434180084954239
467 0.02143134794074171
468 0.021428521015720105
469 0.02142570102331123
470 0.021422888712036212
471 0.021420089359406015
472 0.02141729895988909
473 0.021414521122290794
474 0.02141175746863835
475 0.021409010409347177
476 0.0214062763694934
477 0.021403553027306687
478 0.021400836095386119
479 0.021398125557559516
480 0.021395418379406676
481 0.021392717835810451
482 0.021390034289438947
483 0.021387363155212245
484 0.021384700556972728
485 0.021382044094048296
486 0.021379394065886698
487 0.021376750053704163
488 0.02137411342081175
489 0.021371480796735065
490 0.021368856810660863
491 0.021366243811239378
492 0.021363638251058741
493 0.021361043586145836
494 0.021358455956311036
495 0.021355873296091728
496 0.021353299065847944
497 0.021350734164155276
498 0.021348175193594901
499 0.021345630022067043
500 0.021343093290400534
501 0.021340562972645818
502 0.021338036989632179
503 0.021335519887556432
504 0.021333014238188869
505 0.021330519512120096
506 0.021328035418094162
507 0.021325562264065505
508 0.021323095000894587
509 0.021320632322046819
510 0.021318172767103898
511 0.021315722849294123
512 0.021313279460572512
513 0.021310841927438009
514 0.021308408890362104
515 0.021305981537791518
516 0.02130355803146328
517 0.021301140444287728
518 0.021298729962130097
519 0.021296325835423988
520 0.021293929093281452
521 0.021291537830583983
522 0.021289154854720604
523 0.021286776061429757
524 0.021284403109032447
525 0.021282040238147455
526 0.021279686636123271
527 0.021277338067992608
528 0.021274997933514693
529 0.021272664198880513
530 0.021270334110661104
531 0.021268009828930609
532 0.021265691820611405
533 0.02126338518438127
534 0.021261081584647686
535 0.02125878199760188
536 0.021256492877599495
537 0.021254209317776791
538 0.021251929806816606
539 0.021249655211433811
540 0.021247385755794726
541 0.021245124301964406
542 0.021242870530821745
543 0.021240622862311941
544 0.02123837899237838
545 0.021236137514944017
546 0.021233900115895953
547 0.02123167561691822
548 0.021229463048696464
549 0.021227254329773057
550 0.021225052996006053
551 0.021222856152775617
552 0.02122066354785361
553 0.021218474503095514
554 0.021216291191386162
555 0.021214110661624631
556 0.0212119336576202
557 0.021209759279336403
558 0.021207591325935561
559 0.021205428746483502
560 0.021203271022026592
561 0.021201117175766303
562 0.021198965680221525
563 0.021196817786569479
564 0.021194676758526116
565 0.021192546034685598
566 0.021190421011021209
567 0.021188300544885533
568 0.021186185220886472
569 0.021184073835409978
570 0.02118196464789656
571 0.02117986397406801
572 0.021177774338013385
573 0.021175691025030682
574 0.021173615130253027
575 0.021171543949182761
576 0.021169476861982523
577 0.021167415041513045
578 0.021165358150635576
579 0.021163307729491525
580 0.021161260824752646
581 0.02115921736367625
582 0.021157177308538361
583 0.021155140775909027
584 0.021153106316482755
585 0.021151078248780816
586 0.021149055637786442
587 0.021147037390729269
588 0.021145022645341165
589 0.021143009987676573
590 0.02114099974877116
591 0.02113899440855237
592 0.02113699406810679
593 0.021134995893486205
594 0.021133003591118527
595 0.021131015128688941
596 0.021129035407111696
597 0.02112706278136119
598 0.021125096536410256
599 0.021123137414359269
600 0.021121184173827075
601 0.021119233975552619
602 0.021117286531074766
603 0.021115341445401559
604 0.021113400089099045
605 0.021111467715732298
606 0.021109541240438422
607 0.021107623741508371
608 0.021105713639647444
609 0.021103808781405858
610 0.021101906643904194
611 0.021100010761544632
612 0.02109812025085863
613 0.021096231635252382
614 0.021094344923475263
615 0.021092462621413465
616 0.021090587959590401
617 0.021088721097297015
618 0.02108685617950147
619 0.021084993144423234
620 0.021083132898294891
621 0.021081275267462528
622 0.021079419494526703
623 0.021077566957432452
624 0.021075720085555794
625 0.02107387952925395
626 0.021072043106974612
627 0.021070208510141287
628 0.021068378414603246
629 0.021066553965211503
630 0.021064736207668914
631 0.021062926658384228
632 0.02106112262883586
633 0.021059321340131391
634 0.021057522953644704
635 0.021055726448502024
636 0.021053931736795581
637 0.021052144194346589
638 0.021050359309306054
639 0.021048576927439465
640 0.021046798912495453
641 0.02104502414712546
642 0.021043254518548996
643 0.021041490247576445
644 0.02103972771451413
645 0.021037968495277844
646 0.021036215902331103
647 0.021034466683033711
648 0.021032722024539357
649 0.021030980586253294
650 0.02102924161589674
651 0.021027509759459297
652 0.021025783571974155
653 0.021024062076065518
654 0.021022345257401282
655 0.021020632723217261
656 0.021018928384791448
657 0.021017228656522988
658 0.021015531760422073
659 0.021013841069738498
660 0.021012157163711822
661 0.021010486658169954
662 0.021008819824313872
663 0.021007154920674231
664 0.021005492220796639
665 0.021003831771951947
666 0.021002174451881451
667 0.021000521634622835
668 0.020998872330100869
669 0.020997233080478378
670 0.020995598051137751
671 0.020993965161577095
672 0.020992334177680098
673 0.020990707714598222
674 0.02098908398809389
675 0.020987462381641619
676 0.020985843679322474
677 0.020984226578021827
678 0.020982614207772018
679 0.020981005472345365
680 0.020979399522912466
681 0.020977798197197733
682 0.020976200185053577
683 0.02097460672464576
684 0.020973015745564004
685 0.020971428486310069
686 0.020969846091712627
687 0.020968267726682106
688 0.02096669293464281
689 0.020965119682386828
690 0.020963547963715825
691 0.020961978454350941
692 0.02096041206348085
693 0.020958847721856869
694 0.020957287802150341
695 0.02095573376161846
696 0.020954183114068981
697 0.020952636892435317
698 0.020951096863446466
699 0.020949559335190045
700 0.02094802469705263
701 0.020946492316124634
702 0.020944961728655904
703 0.020943433914068055
704 0.020941909844886343
705 0.020940388042574001
706 0.020938868761128132
707 0.020937354835905017
708 0.020935843758788503
709 0.020934336936363779
710 0.020932834383732571
711 0.020931333826055117
712 0.02092983673449321
713 0.020928343139166104
714 0.020926852395804225
715 0.020925366348241402
716 0.020923885502224685
717 0.020922409732523881
718 0.020920938084293832
719 0.020919470738604409
720 0.020918005232738745
721 0.020916542615106792
722 0.020915082134550039
723 0.020913623044727728
724 0.020912165330108482
725 0.020910709352380867
726 0.020909256510273651
727 0.020907807804166061
728 0.020906363200632022
729 0.020904924058259756
730 0.020903486659406962
731 0.020902052060149466
732 0.020900623035746579
733 0.020899200115505067
734 0.020897778834877308
735 0.020896360056698912
736 0.020894947514464048
737 0.020893537670736862
738 0.02089212988973892
739 0.020890725868041561
740 0.020889327036544114
741 0.020887931192046693
742 0.020886541291146657
743 0.020885154412660752
744 0.020883769685868556
745 0.020882386259268554
746 0.020881004159846853
747 0.020879626413723824
748 0.02087825238813467
749 0.020876879641090706
750 0.020875508463257191
751 0.020874141710381707
752 0.020872778374557598
753 0.020871417895256556
754 0.020870063951486818
755 0.020868715514285693
756 0.02086737024216977
757 0.020866027750460894
758 0.020864689808468437
759 0.020863356141143097
760 0.020862024572601161
761 0.020860696392905578
762 0.020859370204919497
763 0.02085804720130539
764 0.020856726875197292
765 0.020855408064071358
766 0.020854090489421301
767 0.020852774142127137
768 0.020851460570641338
769 0.020850148400740436
770 0.020848839863867218
771 0.020847533617588537
772 0.020846231052311193
773 0.020844929711532817
774 0.020843629572124343
775 0.020842330622484362
776 0.020841032861194684
777 0.020839736426036395
778 0.020838442413820126
779 0.020837149728165433
780 0.020835858205901388
781 0.020834567862194509
782 0.020833279110472957
783 0.020831992937175765
784 0.02083070858714467
785 0.020829427469036686
786 0.020828148238929881
787 0.020826872898377705
788 0.020825600333380205
789 0.020824329637837664
790 0.02082306244096932
791 0.020821796989851798
792 0.020820532663087074
793 0.020819269470388264
794 0.020818007844919651
795 0.020816750634358196
796 0.020815496980660552
797 0.020814247985582766
798 0.020813001735733073
799 0.020811757642053751
800 0.020810514818634909
801 0.020809273098344273
802 0.020808032479225184
803 0.02080679299312926
804 0.020805557019257726
805 0.02080432425328348
806 0.020803092924921818
807 0.020801862675584763
808 0.020800635723472689
809 0.020799412120838745
810 0.020798189593388253
811 0.020796969485341644
812 0.020795752865382478
813 0.02079453759430773
814 0.02079332391553472
815 0.020792111296975266
816 0.020790901355519111
817 0.020789694339601778
818 0.020788488728030151
819 0.020787284159343822
820 0.020786080632137542
821 0.02078487813598031
822 0.020783677265506572
823 0.020782477489039532
824 0.020781279691014155
825 0.020780084231369522
826 0.020778891938255637
827 0.020777702830677258
828 0.020776517079381746
829 0.020775333886776066
830 0.020774151715976068
831 0.020772971757559183
832 0.020771794567412735
833 0.020770619133691232
834 0.020769445361179747
835 0.020768272732319133
836 0.020767101100559883
837 0.020765931362640159
838 0.020764764023065575
839 0.020763598661257848
840 0.020762434808569482
841 0.020761275789010634
842 0.020760119692684969
843 0.02075896506172583
844 0.020757811577807206
845 0.020756659069963511
846 0.020755507531117594
847 0.020754358379944469
848 0.020753215945531884
849 0.020752076226215378
850 0.020750937475453528
851 0.020749800599806058
852 0.02074866572569108
853 0.020747536748886315
854 0.020746411187590557
855 0.020745289355020465
856 0.02074416993609034
857 0.020743051484131834
858 0.020741935725248704
859 0.020740821924324769
860 0.020739709122616589
861 0.020738597285634982
862 0.020737486396803277
863 0.020736376455109725
864 0.020735267463534424
865 0.02073415941094266
866 0.020733053635650554
867 0.020731949373735653
868 0.020730846048259696
869 0.020729743843178175
870 0.020728644480280018
871 0.020727546697144751
872 0.020726449841290084
873 0.020725355015256918
874 0.020724262327467789
875 0.020723173149937043
876 0.02072208489182957
877 0.020720997549847013
878 0.020719911122872189
879 0.020718825599666302
880 0.020717742591285001
881 0.020716661268565105
882 0.020715580846489702
883 0.020714501421315656
884 0.020713423705628356
885 0.02071234732932449
886 0.020711272095404836
887 0.02071019998414949
888 0.020709130098716392
889 0.020708061102969764
890 0.020706993734418387
891 0.020705930321886428
892 0.020704869560240445
893 0.020703809973955638
894 0.020702751263643668
895 0.020701694247810806
896 0.020700638207619786
897 0.020699584690997617
898 0.020698533007809054
899 0.020697484720062487
900 0.020696438584476833
901 0.020695396003378351
902 0.020694357671020212
903 0.020693320234130824
904 0.020692285924976069
905 0.02069125356371608
906 0.020690224361976851
907 0.020689197183150813
908 0.020688170963443647
909 0.020687145611453728
910 0.020686121833997536
911 0.020685098948202269
912 0.020684077060004049
913 0.020683056315734416
914 0.020682036986803369
915 0.020681021079642332
916 0.020680012395865512
917 0.020679004785305669
918 0.020677998795392564
919 0.020676993686677737
920 0.020675990093559873
921 0.020674989872121016
922 0.020673991042896543
923 0.020672994594775951
924 0.020672000333108873
925 0.02067100881312561
926 0.020670021153467933
927 0.020669035659084057
928 0.020668052831621733
929 0.020667074257826521
930 0.02066609719306229
931 0.020665122947814751
932 0.020664150368243518
933 0.020663180041250711
934 0.020662210795670904
935 0.020661243030481974
936 0.020660276552405189
937 0.020659312758412051
938 0.020658351774743712
939 0.020657394455028909
940 0.020656437962577923
941 0.020655482666728724
942 0.020654528284731626
943 0.020653575928699475
944 0.020652624931685081
945 0.020651674750307235
946 0.020650725376345765
947 0.020649777111904851
948 0.020648830468053748
949 0.020647885343416768
950 0.020646944846863274
951 0.020646006009175596
952 0.020645070176826569
953 0.020644135685736781
954 0.020643202206441388
955 0.020642269521710971
956 0.020641337856079012
957 0.020640407039315183
958 0.020639479185982339
959 0.020638552974597737
960 0.020637628061917351
961 0.020636705467017933
962 0.020635784586553563
963 0.020634865256430494
964 0.02063394685279683
965 0.020633030100137603
966 0.020632114168407652
967 0.020631199904320881
968 0.020630286458481299
969 0.020629374137537574
970 0.020628462580962296
971 0.020627551785854001
972 0.020626641981925087
973 0.020625733511707239
974 0.020624826183092099
975 0.020623921911626947
976 0.020623019556203496
977 0.020622119156144796
978 0.02062121965875504
979 0.020620320914844517
980 0.020619423461547236
981 0.020618526945970848
982 0.020617631175197288
983 0.020616736143237932
984 0.020615841852156827
985 0.020614948297576135
986 0.020614055475509378
987 0.020613163387150617
988 0.020612272056736779
989 0.020611383683406748
990 0.020610497252022852
991 0.02060961278412524
992 0.020608730587878758
993 0.020607850205137161
994 0.020606970817376443
995 0.0206060927152928
996 0.020605218180905285
997 0.020604344628784271
998 0.020603471796080016
999 0.020602599680671487
